1,0.0000 
2,0.1125 
3,0.1355 
4,0.1276 
5,0.1042 
6,0.1075 
7,0.1461 
8,0.1430 
9,0.1252 
10,0.1485 
11,0.1300 
12,0.1207 
13,0.1359 
14,0.1379 
15,0.1451 
16,0.1786 
17,0.1761 
18,0.2233 
19,0.2218 
20,0.2610 
21,0.2770 
22,0.2830 
23,0.2915 
24,0.2535 
25,0.2611 
26,0.2374 
27,0.2367 
28,0.2400 
29,0.2386 
30,0.2672 
31,0.2705 
32,0.2729 
33,0.2782 
34,0.2721 
35,0.2675 
36,0.2639 
37,0.2674 
38,0.2732 
39,0.2747 
40,0.2701 
41,0.2807 
42,0.2724 
43,0.2960 
44,0.2989 
45,0.2959 
46,0.2856 
47,0.2670 
48,0.2542 
49,0.2659 
50,0.2804 
51,0.2925 
52,0.2908 
53,0.2848 
54,0.2820 
55,0.3042 
56,0.2988 
57,0.3050 
58,0.3018 
59,0.3011 
60,0.3109 
61,0.3152 
62,0.3289 
63,0.3169 
64,0.3007 
65,0.3060 
66,0.3125 
67,0.3200 
68,0.3117 
69,0.3228 
70,0.3090 
71,0.3005 
72,0.3018 
73,0.3134 
74,0.3150 
75,0.3182 
76,0.3242 
77,0.3379 
78,0.3418 
79,0.3565 
80,0.3616 
81,0.3693 
82,0.3792 
83,0.3944 
84,0.4034 
85,0.4146 
86,0.4201 
87,0.4218 
88,0.4234 
89,0.4154 
90,0.4192 
91,0.4210 
92,0.4242 
93,0.4271 
94,0.4313 
95,0.4350 
96,0.4306 
97,0.4453 
98,0.4524 
99,0.4696 
100,0.4914
101,0.5079 
102,0.5087 
103,0.5078 
104,0.5148 
105,0.5196 
106,0.5161 
107,0.5160 
108,0.5238 
109,0.5308 
110,0.5230 
111,0.5348 
112,0.5454 
113,0.5377 
114,0.5308 
115,0.5309 
116,0.5340 
117,0.5384 
118,0.5377 
119,0.5214 
120,0.5318 
121,0.5286 
122,0.5398 
123,0.5483 
124,0.5560 
125,0.5551 
126,0.5105 
127,0.5142 
128,0.5112 
129,0.5163 
130,0.5194 
131,0.5268 
132,0.5397 
133,0.5389 
134,0.5428 
135,0.5432 
136,0.5530 
137,0.5430 
138,0.5418 
139,0.5439 
140,0.5520 
141,0.5624 
142,0.5765 
143,0.5751 
144,0.5848 
145,0.5935 
146,0.6044 
147,0.6065 
148,0.6021 
149,0.6060 
150,0.6063 
151,0.6035 
152,0.6166 
153,0.6190 
154,0.6102 
155,0.6226 
156,0.6182 
157,0.6235
158,0.6237 
159,0.6113 
160,0.6189 
161,0.6305 
162,0.6284 
163,0.6374 
164,0.6487 
165,0.6354 
166,0.6312 
167,0.6368 
168,0.6356 
169,0.6283 
170,0.6249 
171,0.6311 
172,0.6383 
173,0.6448 
174,0.6428 
175,0.6442 
176,0.6423 
177,0.6390 
178,0.6485 
179,0.6540 
180,0.6464 
181,0.6396 
182,0.6490 
183,0.6373 
184,0.6407 
185,0.6392 
186,0.6252 
187,0.6174 
188,0.6182 
189,0.6157 
190,0.6245 
191,0.6292 
192,0.6335 
193,0.6342 
194,0.6364 
195,0.6462 
196,0.6472 
197,0.6434 
198,0.6431 
199,0.6444 
200,0.6472
201,0.6497 
202,0.6425 
203,0.6439 
204,0.6514 
205,0.6503 
206,0.6650 
207,0.6703 
208,0.6752 
209,0.6733 
210,0.6810 
211,0.6879 
212,0.6878 
213,0.6815 
214,0.6759 
215,0.6864 
216,0.6943 
217,0.6937 
218,0.6852 
219,0.6839 
220,0.6936 
221,0.6946 
222,0.6907 
223,0.6951 
224,0.7022 
225,0.7007 
226,0.7103 
227,0.7018 
228,0.7050 
229,0.7127 
230,0.7242 
231,0.7205 
232,0.7219 
233,0.7263 
234,0.7177 
235,0.7194 
236,0.7287 
237,0.7355 
238,0.7385 
239,0.7459 
240,0.7557 
241,0.7520 
242,0.7487 
243,0.7519 
244,0.7439 
245,0.7477 
246,0.7479 
247,0.7544 
248,0.7477 
249,0.7448 
250,0.7359 
251,0.7311 
252,0.7314 
253,0.7380 
254,0.7376 
255,0.7435 
256,0.7442 
257,0.7416 
258,0.7472 
259,0.7490 
260,0.7616 
261,0.7745 
262,0.7674 
263,0.7594 
264,0.7475 
265,0.7415 
266,0.7424 
267,0.7369 
268,0.7429 
269,0.7545 
270,0.7603 
271,0.7640 
272,0.7657 
273,0.7673 
274,0.7608 
275,0.7504 
276,0.7472 
277,0.7553 
278,0.7438 
279,0.7445 
280,0.7528 
281,0.7557 
282,0.7535 
283,0.7641 
284,0.6971 
285,0.6961 
286,0.6875 
287,0.6921 
288,0.6932 
289,0.6958 
290,0.6950 
291,0.7067 
292,0.7157 
293,0.7254 
294,0.7263 
295,0.7287 
296,0.7246 
297,0.7177 
298,0.7131 
299,0.7059 
300,0.7134
301,0.7202 
302,0.7294 
303,0.7284 
304,0.7399 
305,0.7409 
306,0.7434 
307,0.7440 
308,0.7478 
309,0.7480 
310,0.7544 
311,0.7587 
312,0.7578 
313,0.7539 
314,0.7520
315,0.7502 
316,0.7439 
317,0.7508 
318,0.7413 
319,0.7344 
320,0.7344 
321,0.7297 
322,0.7395 
323,0.7312 
324,0.7378 
325,0.7421 
326,0.7492 
327,0.7617 
328,0.7699 
329,0.7726 
330,0.7751 
331,0.7851 
332,0.7800 
333,0.7817 
334,0.7801 
335,0.7755 
336,0.7745 
337,0.7689 
338,0.7686 
339,0.7699 
340,0.7694 
341,0.7753 
342,0.7837 
343,0.7897 
344,0.7842 
345,0.7808 
346,0.7824 
347,0.7807 
348,0.7886 
349,0.7878 
350,0.7762 
351,0.7767 
352,0.7663 
353,0.7740 
354,0.7716 
355,0.7773 
356,0.7777 
357,0.7780 
358,0.7768 
359,0.7882 
360,0.7843 
361,0.7809 
362,0.7841 
363,0.7932 
364,0.8029 
365,0.8023 
366,0.7971 
367,0.7986 
368,0.7984 
369,0.8092 
370,0.8096 
371,0.8036 
372,0.8060 
373,0.8083 
374,0.8087 
375,0.8216 
376,0.8144 
377,0.8205 
378,0.8212 
379,0.8204 
380,0.8289 
381,0.8195 
382,0.8204 
383,0.8180 
384,0.8034 
385,0.8043 
386,0.8036 
387,0.7982 
388,0.8074 
389,0.8220 
390,0.8195 
391,0.8235 
392,0.8161 
393,0.8189 
394,0.8198 
395,0.8222 
396,0.8134 
397,0.8102 
398,0.8136 
399,0.8072 
400,0.8109
401,0.8173 
402,0.8184 
403,0.8240 
404,0.8182 
405,0.8176 
406,0.8109 
407,0.8157 
408,0.8091 
409,0.8079 
410,0.8068 
411,0.8011 
412,0.7976 
413,0.7959 
414,0.7929 
415,0.7933 
416,0.7968 
417,0.7859 
418,0.7854 
419,0.7881 
420,0.7968 
421,0.7999 
422,0.8012 
423,0.7883 
424,0.7907 
425,0.7851 
426,0.7847 
427,0.7906 
428,0.7959 
429,0.7976 
430,0.8037 
431,0.8109 
432,0.8079 
433,0.8084 
434,0.8010 
435,0.8006 
436,0.7892 
437,0.7838 
438,0.7866 
439,0.7845 
440,0.7795 
441,0.7719 
442,0.7056 
443,0.7085 
444,0.7189 
445,0.7283 
446,0.7336 
447,0.7368 
448,0.7459 
449,0.7432 
450,0.7407 
451,0.7448 
452,0.7438 
453,0.7428 
454,0.7560 
455,0.7570 
456,0.7516 
457,0.7608 
458,0.7676 
459,0.7830 
460,0.7875 
461,0.7884 
462,0.7877 
463,0.7855 
464,0.7929 
465,0.8042 
466,0.8019 
467,0.8014 
468,0.8025 
469,0.7973 
470,0.8019 
471,0.8077
472,0.8113 
473,0.8083 
474,0.8274 
475,0.8447 
476,0.8274 
477,0.8166 
478,0.8130 
479,0.8177 
480,0.8125 
481,0.8093 
482,0.8128 
483,0.8159 
484,0.8218 
485,0.8209 
486,0.8231 
487,0.8190 
488,0.8183 
489,0.8005 
490,0.7986 
491,0.7953 
492,0.7861 
493,0.7809 
494,0.7825 
495,0.7699 
496,0.7742 
497,0.7811 
498,0.7796 
499,0.7704 
500,0.7730
501,0.7738 
502,0.7746 
503,0.7877 
504,0.7871 
505,0.7865 
506,0.7907 
507,0.7960 
508,0.8023 
509,0.8096 
510,0.7989 
511,0.8019 
512,0.7998 
513,0.7901 
514,0.7814 
515,0.7861 
516,0.7919 
517,0.7986 
518,0.8016 
519,0.8120 
520,0.8183 
521,0.8209 
522,0.8216 
523,0.8207 
524,0.8277 
525,0.8199 
526,0.8239 
527,0.8149 
528,0.7975 
529,0.7990 
530,0.7956 
531,0.8005 
532,0.7985 
533,0.8031 
534,0.8181 
535,0.8191 
536,0.8231 
537,0.8299 
538,0.8219 
539,0.8225 
540,0.8137 
541,0.8042 
542,0.8081 
543,0.8133 
544,0.8132 
545,0.8053 
546,0.8045 
547,0.8100 
548,0.8071 
549,0.8123 
550,0.8217 
551,0.8255 
552,0.8257 
553,0.8244 
554,0.8263 
555,0.8281 
556,0.8312 
557,0.8325 
558,0.8367 
559,0.8312 
560,0.8309 
561,0.8337 
562,0.8347 
563,0.8247 
564,0.8203 
565,0.8242 
566,0.8215 
567,0.8112 
568,0.8067 
569,0.8088 
570,0.8107 
571,0.8047 
572,0.8055 
573,0.8140 
574,0.8154 
575,0.8198 
576,0.8097 
577,0.8115 
578,0.8069 
579,0.8044 
580,0.8052 
581,0.7965 
582,0.7950 
583,0.7905 
584,0.7865 
585,0.7875 
586,0.7884 
587,0.7940 
588,0.8021 
589,0.8000 
590,0.8075 
591,0.8158 
592,0.8139 
593,0.8138 
594,0.8136 
595,0.8167 
596,0.8100 
597,0.8071 
598,0.8045 
599,0.8053 
600,0.7295
601,0.7425 
602,0.7542 
603,0.7694 
604,0.7721 
605,0.7777 
606,0.7874 
607,0.7931 
608,0.7903 
609,0.7941 
610,0.7960 
611,0.7945 
612,0.7947 
613,0.7949 
614,0.8014 
615,0.7994 
616,0.7960 
617,0.7945 
618,0.7901 
619,0.7907 
620,0.7960 
621,0.7993 
622,0.8100 
623,0.8196 
624,0.8189 
625,0.8214 
626,0.8267 
627,0.8300 
628,0.8251
629,0.8270 
630,0.8287 
631,0.8286 
632,0.8332 
633,0.8437 
634,0.8452 
635,0.8451 
636,0.8465 
637,0.8431 
638,0.8447 
639,0.8478 
640,0.8505 
641,0.8483 
642,0.8478 
643,0.8365 
644,0.8419 
645,0.8421 
646,0.8360 
647,0.8368 
648,0.8343 
649,0.8337 
650,0.8394 
651,0.8289 
652,0.8241 
653,0.8214 
654,0.8236 
655,0.8241 
656,0.8198 
657,0.8222 
658,0.8040 
659,0.8111 
660,0.8082 
661,0.8133 
662,0.8194 
663,0.8313 
664,0.8278 
665,0.8310 
666,0.8385 
667,0.8312 
668,0.8309 
669,0.8244 
670,0.8201 
671,0.8193 
672,0.8202 
673,0.8241 
674,0.8214 
675,0.8252 
676,0.8349 
677,0.8373 
678,0.8348 
679,0.8373 
680,0.8364 
681,0.8324 
682,0.8320 
683,0.8332 
684,0.8327 
685,0.8353 
686,0.8362 
687,0.8338 
688,0.8395 
689,0.8446 
690,0.8445 
691,0.8413 
692,0.8353 
693,0.8377 
694,0.8399 
695,0.8403 
696,0.8453 
697,0.8498 
698,0.8477 
699,0.8457 
700,0.8361
701,0.8338 
702,0.8238 
703,0.8258 
704,0.8214 
705,0.8142 
706,0.8172 
707,0.8230 
708,0.8297 
709,0.8358 
710,0.8304 
711,0.8333 
712,0.8312 
713,0.8231 
714,0.8111 
715,0.8065 
716,0.8134 
717,0.8180 
718,0.8221 
719,0.8321 
720,0.8270 
721,0.8287 
722,0.8333 
723,0.8422 
724,0.8423 
725,0.8331 
726,0.8310 
727,0.8386 
728,0.8375 
729,0.8475 
730,0.8534 
731,0.8571 
732,0.8573 
733,0.8544 
734,0.8502 
735,0.8543 
736,0.8407 
737,0.8363 
738,0.8386 
739,0.8329 
740,0.8293 
741,0.8276 
742,0.8308 
743,0.8368 
744,0.8343 
745,0.8275 
746,0.8275 
747,0.8307 
748,0.8367 
749,0.8390 
750,0.8379 
751,0.8322 
752,0.8240 
753,0.8229 
754,0.8203 
755,0.8210 
756,0.8202 
757,0.8100 
758,0.7462 
759,0.7622 
760,0.7766 
761,0.7849 
762,0.7924 
763,0.7991 
764,0.8035 
765,0.8154 
766,0.8198 
767,0.8175 
768,0.8170 
769,0.8181 
770,0.8066 
771,0.8056 
772,0.8094 
773,0.8160 
774,0.8266 
775,0.8345 
776,0.8386 
777,0.8485 
778,0.8511 
779,0.8551 
780,0.8586 
781,0.8571 
782,0.8542 
783,0.8485 
784,0.8496 
785,0.8428
786,0.8366 
787,0.8342 
788,0.8383 
789,0.8420 
790,0.8328 
791,0.8307 
792,0.8305 
793,0.8224 
794,0.8214 
795,0.8252 
796,0.8208 
797,0.8184 
798,0.8225 
799,0.8293 
800,0.8292
801,0.8354 
802,0.8299 
803,0.8266 
804,0.8299 
805,0.8297 
806,0.8264 
807,0.8219 
808,0.8194 
809,0.8203 
810,0.8086 
811,0.8043 
812,0.8098 
813,0.8116 
814,0.8180 
815,0.8237 
816,0.8335 
817,0.8392 
818,0.8443 
819,0.8443 
820,0.8520 
821,0.8575 
822,0.8592 
823,0.8639 
824,0.8541 
825,0.8515 
826,0.8492 
827,0.8533 
828,0.8461 
829,0.8506 
830,0.8530 
831,0.8552 
832,0.8509 
833,0.8502 
834,0.8480 
835,0.8523 
836,0.8530 
837,0.8442 
838,0.8364 
839,0.8262 
840,0.8186 
841,0.8164 
842,0.8207 
843,0.8292 
844,0.8307 
845,0.8304 
846,0.8286 
847,0.8333 
848,0.8375 
849,0.8490 
850,0.8532 
851,0.8491 
852,0.8470 
853,0.8451 
854,0.8450 
855,0.8449 
856,0.8448 
857,0.8431 
858,0.8494 
859,0.8442 
860,0.8410 
861,0.8413 
862,0.8353 
863,0.8299 
864,0.8375 
865,0.8381 
866,0.8402 
867,0.8359 
868,0.8429 
869,0.8446 
870,0.8476 
871,0.8519 
872,0.8620 
873,0.8649 
874,0.8628 
875,0.8546 
876,0.8504 
877,0.8498 
878,0.8492 
879,0.8455 
880,0.8406 
881,0.8363 
882,0.8417 
883,0.8450 
884,0.8465 
885,0.8509 
886,0.8486 
887,0.8528 
888,0.8535 
889,0.8494 
890,0.8426 
891,0.8442 
892,0.8364 
893,0.8293 
894,0.8182 
895,0.8177 
896,0.8265 
897,0.8298 
898,0.8281 
899,0.8375 
900,0.8443
901,0.8521 
902,0.8622 
903,0.8635 
904,0.8631 
905,0.8611 
906,0.8688 
907,0.8772 
908,0.8707 
909,0.8571 
910,0.8542 
911,0.8438 
912,0.8391 
913,0.8380 
914,0.8464 
915,0.8524 
916,0.7718 
917,0.7837 
918,0.7897 
919,0.7998 
920,0.8073 
921,0.8188 
922,0.8181 
923,0.8238 
924,0.8274 
925,0.8275 
926,0.8275 
927,0.8307 
928,0.8289 
929,0.8241 
930,0.8261 
931,0.8263 
932,0.8312 
933,0.8387 
934,0.8439 
935,0.8376 
936,0.8413 
937,0.8478 
938,0.8490 
939,0.8532 
940,0.8553 
941,0.8589 
942,0.8589
943,0.8605 
944,0.8573 
945,0.8575 
946,0.8530 
947,0.8411 
948,0.8258 
949,0.8119 
950,0.8104 
951,0.8138 
952,0.8230 
953,0.8267 
954,0.8237 
955,0.8226 
956,0.8341 
957,0.8350 
958,0.8328 
959,0.8245 
960,0.8233 
961,0.8300 
962,0.8314 
963,0.8404 
964,0.8455 
965,0.8484 
966,0.8480 
967,0.8413 
968,0.8493 
969,0.8503 
970,0.8419 
971,0.8374 
972,0.8396 
973,0.8384 
974,0.8405 
975,0.8440 
976,0.8518 
977,0.8572 
978,0.8559 
979,0.8593 
980,0.8625 
981,0.8715 
982,0.8734 
983,0.8720 
984,0.8630 
985,0.8579 
986,0.8502 
987,0.8465 
988,0.8524 
989,0.8531 
990,0.8475 
991,0.8471 
992,0.8452 
993,0.8513 
994,0.8584 
995,0.8601 
996,0.8600 
997,0.8646 
998,0.8578 
999,0.8533 
1000,0.8508
1001,0.8485 
1002,0.8465 
1003,0.8384 
1004,0.8421 
1005,0.8469 
1006,0.8575 
1007,0.8671 
1008,0.8632 
1009,0.8644 
1010,0.8654 
1011,0.8586 
1012,0.8508 
1013,0.8470 
1014,0.8483 
1015,0.8525 
1016,0.8501 
1017,0.8525 
1018,0.8564 
1019,0.8645 
1020,0.8686 
1021,0.8615 
1022,0.8675 
1023,0.8698 
1024,0.8703 
1025,0.8614 
1026,0.8612 
1027,0.8610 
1028,0.8624 
1029,0.8559 
1030,0.8437 
1031,0.8547 
1032,0.8489 
1033,0.8453 
1034,0.8404 
1035,0.8376 
1036,0.8382 
1037,0.8388 
1038,0.8393 
1039,0.8366 
1040,0.8358 
1041,0.8444 
1042,0.8490 
1043,0.8485 
1044,0.8480 
1045,0.8569 
1046,0.8619 
1047,0.8710 
1048,0.8714 
1049,0.8702 
1050,0.8722 
1051,0.8631 
1052,0.8518 
1053,0.8510 
1054,0.8503 
1055,0.8543 
1056,0.8501 
1057,0.8526 
1058,0.8549 
1059,0.8538 
1060,0.8543 
1061,0.8548 
1062,0.8600 
1063,0.8599 
1064,0.8630 
1065,0.8689 
1066,0.8617 
1067,0.8630 
1068,0.8580 
1069,0.8565 
1070,0.8662 
1071,0.8686 
1072,0.8661 
1073,0.8608 
1074,0.7810 
1075,0.7872 
1076,0.8007 
1077,0.8081 
1078,0.8179 
1079,0.8174 
1080,0.8232 
1081,0.8315 
1082,0.8296 
1083,0.8263 
1084,0.8218 
1085,0.8240 
1086,0.8322 
1087,0.8396 
1088,0.8463 
1089,0.8523 
1090,0.8467 
1091,0.8464 
1092,0.8477 
1093,0.8567 
1094,0.8570 
1095,0.8463 
1096,0.8460 
1097,0.8395 
1098,0.8275 
1099,0.8228
1100,0.8171
1101,0.8198 
1102,0.8222 
1103,0.8212 
1104,0.8203 
1105,0.8227 
1106,0.8217 
1107,0.8332 
1108,0.8374 
1109,0.8443 
1110,0.8489 
1111,0.8562 
1112,0.8612 
1113,0.8517 
1114,0.8478 
1115,0.8489 
1116,0.8484 
1117,0.8495 
1118,0.8583 
1119,0.8522 
1120,0.8576 
1121,0.8577 
1122,0.8454 
1123,0.8406 
1124,0.8456 
1125,0.8391 
1126,0.8412 
1127,0.8383 
1128,0.8404 
1129,0.8376 
1130,0.8398 
1131,0.8433 
1132,0.8465 
1133,0.8400 
1134,0.8435 
1135,0.8435 
1136,0.8529 
1137,0.8551 
1138,0.8633 
1139,0.8739 
1140,0.8724 
1141,0.8758 
1142,0.8773 
1143,0.8802 
1144,0.8797 
1145,0.8792 
1146,0.8694 
1147,0.8684 
1148,0.8628 
1149,0.8547 
1150,0.8489 
1151,0.8437 
1152,0.8343 
1153,0.8446 
1154,0.8555 
1155,0.8574 
1156,0.8608 
1157,0.8481 
1158,0.8508 
1159,0.8470 
1160,0.8529 
1161,0.8551 
1162,0.8540 
1163,0.8545 
1164,0.8456 
1165,0.8486 
1166,0.8481 
1167,0.8601 
1168,0.8554 
1169,0.8558 
1170,0.8530 
1171,0.8599 
1172,0.8598 
1173,0.8661 
1174,0.8748 
1175,0.8748 
1176,0.8717 
1177,0.8642 
1178,0.8559 
1179,0.8547 
1180,0.8552 
1181,0.8587 
1182,0.8619 
1183,0.8632 
1184,0.8675 
1185,0.8651 
1186,0.8661 
1187,0.8592 
1188,0.8577 
1189,0.8547 
1190,0.8489 
1191,0.8484 
1192,0.8448 
1193,0.8478 
1194,0.8521 
1195,0.8466 
1196,0.8416 
1197,0.8496 
1198,0.8522 
1199,0.8420 
1200,0.8453
1201,0.8404 
1202,0.8454 
1203,0.8515 
1204,0.8601 
1205,0.8569 
1206,0.8619 
1207,0.8663 
1208,0.8640 
1209,0.8620 
1210,0.8617 
1211,0.8553 
1212,0.8557 
1213,0.8592 
1214,0.8654 
1215,0.8664 
1216,0.8626 
1217,0.8732 
1218,0.8749 
1219,0.8796 
1220,0.8838 
1221,0.8814 
1222,0.8792 
1223,0.8757 
1224,0.8834 
1225,0.8763 
1226,0.8762 
1227,0.8761 
1228,0.8713 
1229,0.8701 
1230,0.8659 
1231,0.8637 
1232,0.7851 
1233,0.8004 
1234,0.7969 
1235,0.8094 
1236,0.8159 
1237,0.8265 
1238,0.8251 
1239,0.8348 
1240,0.8310 
1241,0.8213 
1242,0.8205 
1243,0.8228 
1244,0.8202 
1245,0.8132 
1246,0.8225 
1247,0.8262 
1248,0.8311 
1249,0.8323 
1250,0.8366 
1251,0.8373 
1252,0.8395 
1253,0.8399 
1254,0.8434 
1255,0.8466 
1256,0.8526
1257,0.8532 
1258,0.8601 
1259,0.8647 
1260,0.8564 
1261,0.8614 
1262,0.8565 
1263,0.8552 
1264,0.8572 
1265,0.8715 
1266,0.8609 
1267,0.8623 
1268,0.8558 
1269,0.8499 
1270,0.8524 
1271,0.8531 
1272,0.8568 
1273,0.8633 
1274,0.8692 
1275,0.8713 
1276,0.8764 
1277,0.8809 
1278,0.8850 
1279,0.8840 
1280,0.8831 
1281,0.8823 
1282,0.8738 
1283,0.8770 
1284,0.8784 
1285,0.8780 
1286,0.8746 
1287,0.8746 
1288,0.8794 
1289,0.8836 
1290,0.8828 
1291,0.8804 
1292,0.8846 
1293,0.8867 
1294,0.8840 
1295,0.8831 
1296,0.8729 
1297,0.8606 
1298,0.8511 
1299,0.8488 
1300,0.8530
1301,0.8490 
1302,0.8531 
1303,0.8616 
1304,0.8645 
1305,0.8593 
1306,0.8624 
1307,0.8637 
1308,0.8601 
1309,0.8632 
1310,0.8628 
1311,0.8562 
1312,0.8471 
1313,0.8468 
1314,0.8559 
1315,0.8640 
1316,0.8698 
1317,0.8766 
1318,0.8795 
1319,0.8807 
1320,0.8801 
1321,0.8749 
1322,0.8749 
1323,0.8765 
1324,0.8732 
1325,0.8734 
1326,0.8735 
1327,0.8753 
1328,0.8815 
1329,0.8855 
1330,0.8829 
1331,0.8790 
1332,0.8817 
1333,0.8810 
1334,0.8836 
1335,0.8905 
1336,0.8874 
1337,0.8815 
1338,0.8683 
1339,0.8612 
1340,0.8501 
1341,0.8604 
1342,0.8540 
1343,0.8608 
1344,0.8575 
1345,0.8655 
1346,0.8712 
1347,0.8794 
1348,0.8789 
1349,0.8863 
1350,0.8852 
1351,0.8873 
1352,0.8892 
1353,0.8815 
1354,0.8778 
1355,0.8806 
1356,0.8847 
1357,0.8806 
1358,0.8816 
1359,0.8778 
1360,0.8698 
1361,0.8718 
1362,0.8753 
1363,0.8753 
1364,0.8690 
1365,0.8665 
1366,0.8704 
1367,0.8600 
1368,0.8599 
1369,0.8645 
1370,0.8625 
1371,0.8621 
1372,0.8650 
1373,0.8613 
1374,0.8642 
1375,0.8575 
1376,0.8514 
1377,0.8491 
1378,0.8486 
1379,0.8434 
1380,0.8356 
1381,0.8411 
1382,0.8414 
1383,0.8432 
1384,0.8495 
1385,0.8583 
1386,0.8600 
1387,0.8583 
1388,0.8538 
1389,0.8512 
1390,0.7755 
1391,0.7838 
1392,0.7805 
1393,0.7712 
1394,0.7737 
1395,0.7745 
1396,0.7845 
1397,0.7889 
1398,0.7975 
1399,0.8068 
1400,0.8136
1401,0.8229 
1402,0.8297 
1403,0.8311 
1404,0.8370 
1405,0.8424 
1406,0.8519 
1407,0.8527 
1408,0.8611 
1409,0.8656 
1410,0.8635 
1411,0.8709 
1412,0.8775 
1413,0.8851
1414,0.8872 
1415,0.8860 
1416,0.8849 
1417,0.8870 
1418,0.8796 
1419,0.8791 
1420,0.8818 
1421,0.8733 
1422,0.8797 
1423,0.8855 
1424,0.8892 
1425,0.8893 
1426,0.8894 
1427,0.8896 
1428,0.8912 
1429,0.8896 
1430,0.8913 
1431,0.8865 
1432,0.8885 
1433,0.8809 
1434,0.8725 
1435,0.8696 
1436,0.8655 
1437,0.8602 
1438,0.8648 
1439,0.8720 
1440,0.8723 
1441,0.8742 
1442,0.8758 
1443,0.8757 
1444,0.8819 
1445,0.8828 
1446,0.8820 
1447,0.8766 
1448,0.8671 
1449,0.8726 
1450,0.8697 
1451,0.8718 
1452,0.8705 
1453,0.8647 
1454,0.8673 
1455,0.8587 
1456,0.8525 
1457,0.8423 
1458,0.8424 
1459,0.8472 
1460,0.8594 
1461,0.8719 
1462,0.8691 
1463,0.8712 
1464,0.8763 
1465,0.8746 
1466,0.8700 
1467,0.8720 
1468,0.8723 
1469,0.8695 
1470,0.8622 
1471,0.8588 
1472,0.8542 
1473,0.8578 
1474,0.8673 
1475,0.8712 
1476,0.8685 
1477,0.8723 
1478,0.8694 
1479,0.8715 
1480,0.8688 
1481,0.8663 
1482,0.8562 
1483,0.8549 
1484,0.8538 
1485,0.8544 
1486,0.8658 
1487,0.8699 
1488,0.8735 
1489,0.8799 
1490,0.8732 
1491,0.8640 
1492,0.8635 
1493,0.8662 
1494,0.8702 
1495,0.8723 
1496,0.8710 
1497,0.8729 
1498,0.8716 
1499,0.8719 
1500,0.8722
1501,0.8772 
1502,0.8754 
1503,0.8722 
1504,0.8725 
1505,0.8728 
1506,0.8574 
1507,0.8560 
1508,0.8517 
1509,0.8493 
1510,0.8566 
1511,0.8568 
1512,0.8680 
1513,0.8719 
1514,0.8769 
1515,0.8735 
1516,0.8706 
1517,0.8679 
1518,0.8623 
1519,0.8542 
1520,0.8454 
1521,0.8452 
1522,0.8466 
1523,0.8526 
1524,0.8580 
1525,0.8659 
1526,0.8762 
1527,0.8823 
1528,0.8878 
1529,0.8834 
1530,0.8842 
1531,0.8786 
1532,0.8641 
1533,0.8637 
1534,0.8617 
1535,0.8614 
1536,0.8706 
1537,0.8726 
1538,0.8682 
1539,0.8704 
1540,0.8693 
1541,0.8730 
1542,0.8794 
1543,0.8728 
1544,0.8730 
1545,0.8716 
1546,0.8766 
1547,0.8734 
1548,0.7938 
1549,0.8066 
1550,0.8150 
1551,0.8210 
1552,0.8249 
1553,0.8299 
1554,0.8313 
1555,0.8341 
1556,0.8366 
1557,0.8404 
1558,0.8455 
1559,0.8437 
1560,0.8375 
1561,0.8365 
1562,0.8373 
1563,0.8489 
1564,0.8530 
1565,0.8599 
1566,0.8645 
1567,0.8687 
1568,0.8756 
1569,0.8771 
1570,0.8816
1571,0.8825 
1572,0.8739 
1573,0.8756 
1574,0.8693 
1575,0.8683 
1576,0.8627 
1577,0.8718 
1578,0.8783 
1579,0.8780 
1580,0.8839 
1581,0.8956 
1582,0.8982 
1583,0.8974 
1584,0.8967 
1585,0.8930 
1586,0.8912 
1587,0.8818 
1588,0.8811 
1589,0.8821 
1590,0.8798 
1591,0.8777 
1592,0.8728 
1593,0.8730 
1594,0.8748 
1595,0.8717 
1596,0.8720 
1597,0.8660 
1598,0.8669 
1599,0.8646 
1600,0.8625
1601,0.8544 
1602,0.8565 
1603,0.8646 
1604,0.8641 
1605,0.8651 
1606,0.8708 
1607,0.8665 
1608,0.8705 
1609,0.8663 
1610,0.8734 
1611,0.8720 
1612,0.8707 
1613,0.8743 
1614,0.8681 
1615,0.8766 
1616,0.8827 
1617,0.8897 
1618,0.8961 
1619,0.8862 
1620,0.8725 
1621,0.8681 
1622,0.8672 
1623,0.8680 
1624,0.8718 
1625,0.8768 
1626,0.8845 
1627,0.8882 
1628,0.8838 
1629,0.8876 
1630,0.8879 
1631,0.8913 
1632,0.8850 
1633,0.8793 
1634,0.8788 
1635,0.8769 
1636,0.8767 
1637,0.8672 
1638,0.8570 
1639,0.8541 
1640,0.8515 
1641,0.8507 
1642,0.8610 
1643,0.8608 
1644,0.8716 
1645,0.8798 
1646,0.8855 
1647,0.8892 
1648,0.8971 
1649,0.8887 
1650,0.8873 
1651,0.8861 
1652,0.8756 
1653,0.8771 
1654,0.8800 
1655,0.8779 
1656,0.8792 
1657,0.8835 
1658,0.8795 
1659,0.8837 
1660,0.8813 
1661,0.8713 
1662,0.8701 
1663,0.8722 
1664,0.8740 
1665,0.8757 
1666,0.8772 
1667,0.8644 
1668,0.8686 
1669,0.8677 
1670,0.8762 
1671,0.8808 
1672,0.8740 
1673,0.8803 
1674,0.8829 
1675,0.8821 
1676,0.8861 
1677,0.8897 
1678,0.8867 
1679,0.8870 
1680,0.8874 
1681,0.8846 
1682,0.8852 
1683,0.8795 
1684,0.8759 
1685,0.8805 
1686,0.8784 
1687,0.8828 
1688,0.8867 
1689,0.8871 
1690,0.8874 
1691,0.8862 
1692,0.8788 
1693,0.8691 
1694,0.8603 
1695,0.8586 
1696,0.8634 
1697,0.8645 
1698,0.8547 
1699,0.8614 
1700,0.8721
1701,0.8755 
1702,0.8802 
1703,0.8828 
1704,0.8820 
1705,0.8813 
1706,0.8010 
1707,0.8053 
1708,0.8138 
1709,0.8246 
1710,0.8250 
1711,0.8300 
1712,0.8251 
1713,0.8301 
1714,0.8377 
1715,0.8383 
1716,0.8435 
1717,0.8436 
1718,0.8514 
1719,0.8537 
1720,0.8621 
1721,0.8618 
1722,0.8647 
1723,0.8673 
1724,0.8665 
1725,0.8580 
1726,0.8550 
1727,0.8539
1728,0.8529 
1729,0.8566 
1730,0.8616 
1731,0.8661 
1732,0.8654 
1733,0.8710 
1734,0.8683 
1735,0.8596 
1736,0.8580 
1737,0.8613 
1738,0.8689 
1739,0.8633 
1740,0.8598 
1741,0.8691 
1742,0.8712 
1743,0.8747 
1744,0.8841 
1745,0.8848 
1746,0.8885 
1747,0.8903 
1748,0.8919 
1749,0.8839 
1750,0.8846 
1751,0.8836 
1752,0.8718 
1753,0.8643 
1754,0.8685 
1755,0.8692 
1756,0.8760 
1757,0.8837 
1758,0.8844 
1759,0.8819 
1760,0.8718 
1761,0.8722 
1762,0.8818 
1763,0.8811 
1764,0.8821 
1765,0.8829 
1766,0.8915 
1767,0.8914 
1768,0.8882 
1769,0.8885 
1770,0.8902 
1771,0.8950 
1772,0.8945 
1773,0.8910 
1774,0.8941 
1775,0.8875 
1776,0.8894 
1777,0.8911 
1778,0.8879 
1779,0.8929 
1780,0.8879 
1781,0.8835 
1782,0.8874 
1783,0.8939 
1784,0.8952 
1785,0.8947 
1786,0.8974 
1787,0.8936 
1788,0.8918 
1789,0.8916 
1790,0.8931 
1791,0.8882 
1792,0.8822 
1793,0.8815 
1794,0.8824 
1795,0.8879 
1796,0.8866 
1797,0.8901 
1798,0.8917 
1799,0.8916 
1800,0.8853
1801,0.8811 
1802,0.8774 
1803,0.8803 
1804,0.8735 
1805,0.8721 
1806,0.8739 
1807,0.8787 
1808,0.8815 
1809,0.8808 
1810,0.8881 
1811,0.8946 
1812,0.8973 
1813,0.8966 
1814,0.8867 
1815,0.8871 
1816,0.8765 
1817,0.8685 
1818,0.8692 
1819,0.8760 
1820,0.8759 
1821,0.8727 
1822,0.8792 
1823,0.8819 
1824,0.8906 
1825,0.8937 
1826,0.8981 
1827,0.9020 
1828,0.9056 
1829,0.8963 
1830,0.8957 
1831,0.8999 
1832,0.9005 
1833,0.8964 
1834,0.8958 
1835,0.8891 
1836,0.8814 
1837,0.8792 
1838,0.8772 
1839,0.8754 
1840,0.8754 
1841,0.8816 
1842,0.8856 
1843,0.8846 
1844,0.8914 
1845,0.8913 
1846,0.8944 
1847,0.8831 
1848,0.8729 
1849,0.8637 
1850,0.8649 
1851,0.8627 
1852,0.8530 
1853,0.8505 
1854,0.8514 
1855,0.8585 
1856,0.8570 
1857,0.8666 
1858,0.8675 
1859,0.8635 
1860,0.8647 
1861,0.8641 
1862,0.8699 
1863,0.8704 
1864,0.7959 
1865,0.7991 
1866,0.8098 
1867,0.8101 
1868,0.8088 
1869,0.8138 
1870,0.8153 
1871,0.8228 
1872,0.8374 
1873,0.8458 
1874,0.8456 
1875,0.8470 
1876,0.8561 
1877,0.8533 
1878,0.8461 
1879,0.8458 
1880,0.8472 
1881,0.8406 
1882,0.8472 
1883,0.8593 
1884,0.8671
1885,0.8742 
1886,0.8836 
1887,0.8812 
1888,0.8806 
1889,0.8816 
1890,0.8762 
1891,0.8746 
1892,0.8683 
1893,0.8706 
1894,0.8741 
1895,0.8789 
1896,0.8910 
1897,0.9019 
1898,0.8961 
1899,0.8924 
1900,0.8938
1901,0.8966 
1902,0.8976 
1903,0.9016 
1904,0.9020 
1905,0.9056 
1906,0.9072 
1907,0.9118 
1908,0.9113 
1909,0.9123 
1910,0.9070 
1911,0.8991 
1912,0.9030 
1913,0.8908 
1914,0.8830 
1915,0.8775 
1916,0.8804 
1917,0.8767 
1918,0.8687 
1919,0.8787 
1920,0.8862 
1921,0.8929 
1922,0.9004 
1923,0.9010 
1924,0.8922 
1925,0.8826 
1926,0.8866 
1927,0.8807 
1928,0.8786 
1929,0.8782 
1930,0.8701 
1931,0.8737 
1932,0.8660 
1933,0.8700 
1934,0.8643 
1935,0.8716 
1936,0.8641 
1937,0.8605 
1938,0.8635 
1939,0.8694 
1940,0.8715 
1941,0.8719 
1942,0.8753 
1943,0.8846 
1944,0.8884 
1945,0.8933 
1946,0.8899 
1947,0.8821 
1948,0.8783 
1949,0.8811 
1950,0.8789 
1951,0.8723 
1952,0.8741 
1953,0.8726 
1954,0.8729 
1955,0.8762 
1956,0.8730 
1957,0.8685 
1958,0.8707 
1959,0.8680 
1960,0.8656 
1961,0.8728 
1962,0.8746 
1963,0.8730 
1964,0.8764 
1965,0.8715 
1966,0.8656 
1967,0.8650 
1968,0.8644 
1969,0.8561 
1970,0.8486 
1971,0.8466 
1972,0.8541 
1973,0.8515 
1974,0.8554 
1975,0.8511 
1976,0.8566 
1977,0.8647 
1978,0.8704 
1979,0.8693 
1980,0.8715 
1981,0.8749 
1982,0.8812 
1983,0.8696 
1984,0.8717 
1985,0.8736 
1986,0.8738 
1987,0.8817 
1988,0.8873 
1989,0.8907 
1990,0.8939 
1991,0.8904 
1992,0.8811 
1993,0.8789 
1994,0.8722 
1995,0.8694 
1996,0.8715 
1997,0.8750 
1998,0.8859 
1999,0.8880 
2000,0.8882
2001,0.8932 
2002,0.8976 
2003,0.9000 
2004,0.8913 
2005,0.8881 
2006,0.8805 
2007,0.8737 
2008,0.8738 
2009,0.8786 
2010,0.8830 
2011,0.8853 
2012,0.8874 
2013,0.8768 
2014,0.8672 
2015,0.8680 
2016,0.8609 
2017,0.8561 
2018,0.8579 
2019,0.8706 
2020,0.8757 
2021,0.8803 
2022,0.8017 
2023,0.8121 
2024,0.8184 
2025,0.8194 
2026,0.8296 
2027,0.8295 
2028,0.8356 
2029,0.8442 
2030,0.8457 
2031,0.8440 
2032,0.8486 
2033,0.8560 
2034,0.8547 
2035,0.8568 
2036,0.8477 
2037,0.8520 
2038,0.8496 
2039,0.8568 
2040,0.8539 
2041,0.8545
2042,0.8518 
2043,0.8620 
2044,0.8680 
2045,0.8780 
2046,0.8871 
2047,0.8968 
2048,0.8962 
2049,0.8972 
2050,0.8903 
2051,0.8841 
2052,0.8754 
2053,0.8660 
2054,0.8669 
2055,0.8802 
2056,0.8859 
2057,0.8942 
2058,0.8876 
2059,0.8785 
2060,0.8797 
2061,0.8777 
2062,0.8743 
2063,0.8728 
2064,0.8777 
2065,0.8837 
2066,0.8875 
2067,0.8909 
2068,0.8894 
2069,0.8910 
2070,0.8926 
2071,0.8939 
2072,0.8874 
2073,0.8892 
2074,0.8925 
2075,0.8939 
2076,0.8982 
2077,0.9022 
2078,0.9026 
2079,0.8967 
2080,0.9008 
2081,0.8951 
2082,0.8931 
2083,0.8944 
2084,0.8924 
2085,0.8844 
2086,0.8835 
2087,0.8889 
2088,0.8844 
2089,0.8834 
2090,0.8826 
2091,0.8787 
2092,0.8862 
2093,0.8835 
2094,0.8842 
2095,0.8880 
2096,0.8929 
2097,0.8958 
2098,0.8984 
2099,0.9039 
2100,0.9088
2101,0.9101 
2102,0.9050 
2103,0.8942 
2104,0.8939 
2105,0.8889 
2106,0.8875 
2107,0.8847 
2108,0.8915 
2109,0.8945 
2110,0.8957 
2111,0.9046 
2112,0.9110 
2113,0.9090 
2114,0.9103 
2115,0.9145 
2116,0.9137 
2117,0.9052 
2118,0.9053 
2119,0.9007 
2120,0.8997 
2121,0.8910 
2122,0.8925 
2123,0.8923 
2124,0.8921 
2125,0.8857 
2126,0.8847 
2127,0.8884 
2128,0.8949 
2129,0.8976 
2130,0.9015 
2131,0.8989 
2132,0.8996 
2133,0.8862 
2134,0.8726 
2135,0.8650 
2136,0.8707 
2137,0.8727 
2138,0.8698 
2139,0.8656 
2140,0.8588 
2141,0.8604 
2142,0.8744 
2143,0.8666 
2144,0.8721 
2145,0.8755 
2146,0.8771 
2147,0.8768 
2148,0.8704 
2149,0.8662 
2150,0.8671 
2151,0.8679 
2152,0.8670 
2153,0.8709 
2154,0.8760 
2155,0.8775 
2156,0.8772 
2157,0.8786 
2158,0.8751 
2159,0.8766 
2160,0.8780 
2161,0.8840 
2162,0.8862 
2163,0.8867 
2164,0.8824 
2165,0.8832 
2166,0.8824 
2167,0.8769 
2168,0.8752 
2169,0.8752 
2170,0.8767 
2171,0.8750 
2172,0.8812 
2173,0.8853 
2174,0.8811 
2175,0.8868 
2176,0.8856 
2177,0.8783 
2178,0.8733 
2179,0.8703 
2180,0.7880 
2181,0.7936 
2182,0.7939 
2183,0.8004 
2184,0.8110 
2185,0.8237 
2186,0.8366 
2187,0.8483 
2188,0.8541 
2189,0.8546 
2190,0.8582 
2191,0.8599 
2192,0.8630 
2193,0.8626 
2194,0.8654 
2195,0.8679 
2196,0.8671 
2197,0.8741 
2198,0.8758
2199,0.8788 
2200,0.8831
2201,0.8886 
2202,0.8856 
2203,0.8814 
2204,0.8792 
2205,0.8788 
2206,0.8753 
2207,0.8815 
2208,0.8871 
2209,0.8875 
2210,0.8862 
2211,0.8945 
2212,0.8925 
2213,0.8908 
2214,0.8939 
2215,0.8904 
2216,0.8889 
2217,0.8844 
2218,0.8866 
2219,0.8870 
2220,0.8936 
2221,0.8949 
2222,0.8913 
2223,0.8881 
2224,0.8759 
2225,0.8742 
2226,0.8680 
2227,0.8656 
2228,0.8666 
2229,0.8705 
2230,0.8757 
2231,0.8818 
2232,0.8843 
2233,0.8865 
2234,0.8838 
2235,0.8766 
2236,0.8624 
2237,0.8652 
2238,0.8693 
2239,0.8715 
2240,0.8640 
2241,0.8635 
2242,0.8678 
2243,0.8748 
2244,0.8748 
2245,0.8779 
2246,0.8839 
2247,0.8799 
2248,0.8825 
2249,0.8849 
2250,0.8792 
2251,0.8804 
2252,0.8798 
2253,0.8793 
2254,0.8805 
2255,0.8830 
2256,0.8854 
2257,0.8906 
2258,0.8937 
2259,0.8934 
2260,0.8978 
2261,0.8940 
2262,0.8843 
2263,0.8740 
2264,0.8694 
2265,0.8699 
2266,0.8751 
2267,0.8829 
2268,0.8806 
2269,0.8816 
2270,0.8872 
2271,0.8938 
2272,0.8981 
2273,0.8990 
2274,0.9028 
2275,0.9047 
2276,0.9080 
2277,0.9078 
2278,0.8998 
2279,0.9021 
2280,0.8962 
2281,0.8988 
2282,0.8980 
2283,0.8957 
2284,0.8952 
2285,0.8932 
2286,0.8898 
2287,0.8961 
2288,0.8956 
2289,0.8935 
2290,0.8948 
2291,0.8959 
2292,0.8954 
2293,0.8902 
2294,0.8778 
2295,0.8775 
2296,0.8757 
2297,0.8819 
2298,0.8796 
2299,0.8870 
2300,0.8920
2301,0.8966 
2302,0.8960 
2303,0.9001 
2304,0.9039 
2305,0.9057 
2306,0.8995 
2307,0.8955 
2308,0.8903 
2309,0.8856 
2310,0.8814 
2311,0.8855 
2312,0.8876 
2313,0.8879 
2314,0.8835 
2315,0.8873 
2316,0.8876 
2317,0.8832 
2318,0.8855 
2319,0.8876 
2320,0.8910 
2321,0.8941 
2322,0.9032 
2323,0.9066 
2324,0.9081 
2325,0.9032 
2326,0.9035 
2327,0.9038 
2328,0.8947 
2329,0.8958 
2330,0.8922 
2331,0.8858 
2332,0.8816 
2333,0.8903 
2334,0.8903 
2335,0.8888 
2336,0.8859 
2337,0.8879 
2338,0.8007 
2339,0.8081 
2340,0.8164 
2341,0.8253 
2342,0.8350 
2343,0.8359 
2344,0.8382 
2345,0.8356 
2346,0.8271 
2347,0.8209 
2348,0.8295 
2349,0.8403 
2350,0.8484 
2351,0.8542 
2352,0.8641 
2353,0.8683 
2354,0.8784 
2355,0.8780
2356,0.8793 
2357,0.8773 
2358,0.8802 
2359,0.8765 
2360,0.8764 
2361,0.8778 
2362,0.8822 
2363,0.8862 
2364,0.8929 
2365,0.9020 
2366,0.8962 
2367,0.9003 
2368,0.9040 
2369,0.9027 
2370,0.8999 
2371,0.8974 
2372,0.8874 
2373,0.8815 
2374,0.8761 
2375,0.8776 
2376,0.8742 
2377,0.8696 
2378,0.8701 
2379,0.8753 
2380,0.8753 
2381,0.8799 
2382,0.8794 
2383,0.8790 
2384,0.8755 
2385,0.8817 
2386,0.8857 
2387,0.8924 
2388,0.8923 
2389,0.8905 
2390,0.8843 
2391,0.8818 
2392,0.8717 
2393,0.8768 
2394,0.8735 
2395,0.8799 
2396,0.8794 
2397,0.8836 
2398,0.8843 
2399,0.8881 
2400,0.8946
2401,0.8958 
2402,0.8952 
2403,0.8963 
2404,0.9005 
2405,0.8963 
2406,0.8958 
2407,0.8749 
2408,0.8812 
2409,0.8743 
2410,0.8728 
2411,0.8777 
2412,0.8853 
2413,0.8936 
2414,0.9011 
2415,0.9016 
2416,0.8990 
2417,0.8935 
2418,0.8854 
2419,0.8828 
2420,0.8820 
2421,0.8891 
2422,0.8924 
2423,0.8938 
2424,0.8872 
2425,0.8829 
2426,0.8821 
2427,0.8829 
2428,0.8853 
2429,0.8811 
2430,0.8727 
2431,0.8651 
2432,0.8645 
2433,0.8671 
2434,0.8726 
2435,0.8713 
2436,0.8748 
2437,0.8811 
2438,0.8789 
2439,0.8723 
2440,0.8757 
2441,0.8756 
2442,0.8802 
2443,0.8719 
2444,0.8659 
2445,0.8715 
2446,0.8703 
2447,0.8755 
2448,0.8770 
2449,0.8705 
2450,0.8679 
2451,0.8670 
2452,0.8662 
2453,0.8687 
2454,0.8709 
2455,0.8744 
2456,0.8698 
2457,0.8687 
2458,0.8616 
2459,0.8598 
2460,0.8629 
2461,0.8610 
2462,0.8639 
2463,0.8713 
2464,0.8748 
2465,0.8795 
2466,0.8868 
2467,0.8950 
2468,0.8993 
2469,0.9000 
2470,0.8944 
2471,0.8924 
2472,0.8891 
2473,0.8861 
2474,0.8835 
2475,0.8764 
2476,0.8731 
2477,0.8764 
2478,0.8794 
2479,0.8790 
2480,0.8833 
2481,0.8902 
2482,0.8950 
2483,0.9008 
2484,0.9013 
2485,0.8924 
2486,0.8923 
2487,0.8843 
2488,0.8787 
2489,0.8767 
2490,0.8828 
2491,0.8852 
2492,0.8966 
2493,0.9007 
2494,0.8997 
2495,0.8941 
2496,0.8094 
2497,0.8160 
2498,0.8297 
2499,0.8280 
2500,0.8327
2501,0.8369 
2502,0.8485 
2503,0.8559 
2504,0.8640 
2505,0.8651 
2506,0.8724 
2507,0.8789 
2508,0.8800 
2509,0.8842 
2510,0.8786 
2511,0.8829 
2512,0.8759
2513,0.8789 
2514,0.8770 
2515,0.8799 
2516,0.8825 
2517,0.8912 
2518,0.8958 
2519,0.8984 
2520,0.9070 
2521,0.9022 
2522,0.8995 
2523,0.9033 
2524,0.9020 
2525,0.8978 
2526,0.8986 
2527,0.9041 
2528,0.8949 
2529,0.8992 
2530,0.8999 
2531,0.9036 
2532,0.9055 
2533,0.9102 
2534,0.9098 
2535,0.9095 
2536,0.8967 
2537,0.8882 
2538,0.8729 
2539,0.8731 
2540,0.8764 
2541,0.8809 
2542,0.8850 
2543,0.8840 
2544,0.8862 
2545,0.8961 
2546,0.8955 
2547,0.8935 
2548,0.8854 
2549,0.8859 
2550,0.8848 
2551,0.8869 
2552,0.8858 
2553,0.8831 
2554,0.8839 
2555,0.8845 
2556,0.8914 
2557,0.8991 
2558,0.8952 
2559,0.8963 
2560,0.8941 
2561,0.8985 
2562,0.9055 
2563,0.9040 
2564,0.9011 
2565,0.9032 
2566,0.8988 
2567,0.8949 
2568,0.8835 
2569,0.8873 
2570,0.8861 
2571,0.8881 
2572,0.8931 
2573,0.9006 
2574,0.8965 
2575,0.8912 
2576,0.8834 
2577,0.8763 
2578,0.8761 
2579,0.8870 
2580,0.8889 
2581,0.8828 
2582,0.8836 
2583,0.8812 
2584,0.8774 
2585,0.8678 
2586,0.8732 
2587,0.8750 
2588,0.8734 
2589,0.8736 
2590,0.8800 
2591,0.8888 
2592,0.8906 
2593,0.8953 
2594,0.8917 
2595,0.8884 
2596,0.8887 
2597,0.8826 
2598,0.8850 
2599,0.8871 
2600,0.8843
2601,0.8850 
2602,0.8949 
2603,0.9007 
2604,0.9013 
2605,0.9002 
2606,0.8961 
2607,0.8940 
2608,0.8765 
2609,0.8717 
2610,0.8720 
2611,0.8801 
2612,0.8827 
2613,0.8882 
2614,0.8916 
2615,0.8977 
2616,0.9001 
2617,0.8976 
2618,0.9000 
2619,0.8944 
2620,0.8893 
2621,0.8848 
2622,0.8760 
2623,0.8775 
2624,0.8819 
2625,0.8828 
2626,0.8882 
2627,0.8885 
2628,0.8903 
2629,0.8965 
2630,0.8928 
2631,0.8942 
2632,0.8907 
2633,0.8844 
2634,0.8757 
2635,0.8772 
2636,0.8707 
2637,0.8727 
2638,0.8776 
2639,0.8742 
2640,0.8696 
2641,0.8733 
2642,0.8656 
2643,0.8681 
2644,0.8673 
2645,0.8727 
2646,0.8698 
2647,0.8766 
2648,0.8733 
2649,0.8766 
2650,0.8827 
2651,0.8850 
2652,0.8887 
2653,0.8889 
2654,0.8110 
2655,0.8127 
2656,0.8189 
2657,0.8214 
2658,0.8236 
2659,0.8288 
2660,0.8334 
2661,0.8329 
2662,0.8465 
2663,0.8587 
2664,0.8588 
2665,0.8713 
2666,0.8764 
2667,0.8809 
2668,0.8819 
2669,0.8843
2670,0.8896 
2671,0.8913 
2672,0.8881 
2673,0.8915 
2674,0.8883 
2675,0.8823 
2676,0.8815 
2677,0.8856 
2678,0.8751 
2679,0.8829 
2680,0.8853 
2681,0.8874 
2682,0.8861 
2683,0.8928 
2684,0.8879 
2685,0.8866 
2686,0.8980 
2687,0.9019 
2688,0.9024 
2689,0.8965 
2690,0.8975 
2691,0.8874 
2692,0.8815 
2693,0.8761 
2694,0.8760 
2695,0.8759 
2696,0.8821 
2697,0.8798 
2698,0.8793 
2699,0.8789 
2700,0.8769
2701,0.8799 
2702,0.8888 
2703,0.8843 
2704,0.8927 
2705,0.9003 
2706,0.9056 
2707,0.9119 
2708,0.9098 
2709,0.9110 
2710,0.9105 
2711,0.9101 
2712,0.9097 
2713,0.9031 
2714,0.9050 
2715,0.9051 
2716,0.9068 
2717,0.9052 
2718,0.9053 
2719,0.9101 
2720,0.9050 
2721,0.9004 
2722,0.8995 
2723,0.8986 
2724,0.8978 
2725,0.9002 
2726,0.8977 
2727,0.8907 
2728,0.8938 
2729,0.8982 
2730,0.8974 
2731,0.8952 
2732,0.8963 
2733,0.8895 
2734,0.8771 
2735,0.8816 
2736,0.8856 
2737,0.8908 
2738,0.8955 
2739,0.9028 
2740,0.9016 
2741,0.9067 
2742,0.9129 
2743,0.9123 
2744,0.9101 
2745,0.9097 
2746,0.9125 
2747,0.9025 
2748,0.9044 
2749,0.8968 
2750,0.8915 
2751,0.8930 
2752,0.8959 
2753,0.8985 
2754,0.8961 
2755,0.8956 
2756,0.8935 
2757,0.8979 
2758,0.8956 
2759,0.8889 
2760,0.8844 
2761,0.8834 
2762,0.8826 
2763,0.8818 
2764,0.8733 
2765,0.8610 
2766,0.8624 
2767,0.8637 
2768,0.8632 
2769,0.8644 
2770,0.8639 
2771,0.8588 
2772,0.8619 
2773,0.8664 
2774,0.8579 
2775,0.8596 
2776,0.8658 
2777,0.8605 
2778,0.8541 
2779,0.8468 
2780,0.8450 
2781,0.8511 
2782,0.8535 
2783,0.8541 
2784,0.8624 
2785,0.8652 
2786,0.8725 
2787,0.8774 
2788,0.8772 
2789,0.8738 
2790,0.8739 
2791,0.8631 
2792,0.8643 
2793,0.8654 
2794,0.8632 
2795,0.8628 
2796,0.8672 
2797,0.8601 
2798,0.8663 
2799,0.8719 
2800,0.8800
2801,0.8811 
2802,0.8883 
2803,0.8932 
2804,0.8929 
2805,0.8958 
2806,0.8906 
2807,0.8828 
2808,0.8805 
2809,0.8768 
2810,0.8782 
2811,0.8841 
2812,0.8051 
2813,0.8214 
2814,0.8299 
2815,0.8376 
2816,0.8444 
2817,0.8490 
2818,0.8516 
2819,0.8587 
2820,0.8540 
2821,0.8593 
2822,0.8624 
2823,0.8652 
2824,0.8678 
2825,0.8732 
2826,0.8796
2827,0.8838 
2828,0.8814 
2829,0.8870 
2830,0.8952 
2831,0.8978 
2832,0.8940 
2833,0.8968 
2834,0.8993 
2835,0.8969 
2836,0.8962 
2837,0.8926 
2838,0.8845 
2839,0.8867 
2840,0.8887 
2841,0.8889 
2842,0.8906 
2843,0.8859 
2844,0.8973 
2845,0.9076 
2846,0.8981 
2847,0.8880 
2848,0.8929 
2849,0.8927 
2850,0.8925 
2851,0.8985 
2852,0.9040 
2853,0.9058 
2854,0.8996 
2855,0.8956 
2856,0.8966 
2857,0.8898 
2858,0.8899 
2859,0.8884 
2860,0.8855 
2861,0.8782 
2862,0.8716 
2863,0.8751 
2864,0.8813 
2865,0.8823 
2866,0.8878 
2867,0.8912 
2868,0.8896 
2869,0.8897 
2870,0.8898 
2871,0.8867 
2872,0.8965 
2873,0.8959 
2874,0.8938 
2875,0.8966 
2876,0.8945 
2877,0.8941 
2878,0.8906 
2879,0.8797 
2880,0.8808 
2881,0.8911 
2882,0.9005 
2883,0.9010 
2884,0.9047 
2885,0.9064 
2886,0.9079 
2887,0.8984 
2888,0.8976 
2889,0.8844 
2890,0.8804 
2891,0.8783 
2892,0.8857 
2893,0.8862 
2894,0.8898 
2895,0.8946 
2896,0.8957 
2897,0.8952 
2898,0.8979 
2899,0.8987 
2900,0.8979
2901,0.8972 
2902,0.8965 
2903,0.8866 
2904,0.8870 
2905,0.8905 
2906,0.8952 
2907,0.8994 
2908,0.9016 
2909,0.9037 
2910,0.9055 
2911,0.9024 
2912,0.9028 
2913,0.9016 
2914,0.8927 
2915,0.8815 
2916,0.8887 
2917,0.8951 
2918,0.8931 
2919,0.8944 
2920,0.8987 
2921,0.8979 
2922,0.9035 
2923,0.9037 
2924,0.9087 
2925,0.9084 
2926,0.8957 
2927,0.8968 
2928,0.8993 
2929,0.8969 
2930,0.8994 
2931,0.9016 
2932,0.9036 
2933,0.9008 
2934,0.8951 
2935,0.8962 
2936,0.8878 
2937,0.8772 
2938,0.8769 
2939,0.8861 
2940,0.8897 
2941,0.8960 
2942,0.8971 
2943,0.9011 
2944,0.9016 
2945,0.8974 
2946,0.8952 
2947,0.8900 
2948,0.8854 
2949,0.8828 
2950,0.8851 
2951,0.8919 
2952,0.8981 
2953,0.9051 
2954,0.9052 
2955,0.9022 
2956,0.8917 
2957,0.8822 
2958,0.8846 
2959,0.8805 
2960,0.8862 
2961,0.8851 
2962,0.8919 
2963,0.8871 
2964,0.8906 
2965,0.8843 
2966,0.8740 
2967,0.8679 
2968,0.8733 
2969,0.8781 
2970,0.7981 
2971,0.8089 
2972,0.8234 
2973,0.8363 
2974,0.8355 
2975,0.8441 
2976,0.8425 
2977,0.8442 
2978,0.8504 
2979,0.8529 
2980,0.8598 
2981,0.8613 
2982,0.8642 
2983,0.8747
2984,0.8778 
2985,0.8854 
2986,0.8906 
2987,0.8922 
2988,0.9014 
2989,0.9034 
2990,0.9021 
2991,0.9026 
2992,0.9014 
2993,0.9019 
2994,0.9007 
2995,0.8888 
2996,0.8858 
2997,0.8785 
2998,0.8828 
2999,0.8821 
3000,0.8923
3001,0.8968 
3002,0.9071 
3003,0.9039 
3004,0.9042 
3005,0.8997 
3006,0.9003 
3007,0.8962 
3008,0.8925 
3009,0.8908 
3010,0.8970 
3011,0.8979 
3012,0.8957 
3013,0.9014 
3014,0.9034 
3015,0.9053 
3016,0.9038 
3017,0.9009 
3018,0.9030 
3019,0.8909 
3020,0.8830 
3021,0.8885 
3022,0.8918 
3023,0.8979 
3024,0.9050 
3025,0.9083 
3026,0.9128 
3027,0.9184 
3028,0.9062 
3029,0.9031 
3030,0.8987 
3031,0.8917 
3032,0.8884 
3033,0.8855 
3034,0.8845 
3035,0.8929 
3036,0.8958 
3037,0.8922 
3038,0.8889 
3039,0.8922 
3040,0.8967 
3041,0.8961 
3042,0.8971 
3043,0.9012 
3044,0.9001 
3045,0.8976 
3046,0.8985 
3047,0.9008 
3048,0.8951 
3049,0.8946 
3050,0.8942 
3051,0.8986 
3052,0.8978 
3053,0.9017 
3054,0.8975 
3055,0.9015 
3056,0.9004 
3057,0.8948 
3058,0.8897 
3059,0.8913 
3060,0.8928 
3061,0.8926 
3062,0.8940 
3063,0.8983 
3064,0.8944 
3065,0.8940 
3066,0.8968 
3067,0.9009 
3068,0.9030 
3069,0.9033 
3070,0.9005 
3071,0.8917 
3072,0.8931 
3073,0.8929 
3074,0.8942 
3075,0.8970 
3076,0.9026 
3077,0.9092 
3078,0.9089 
3079,0.9008 
3080,0.9029 
3081,0.8986 
3082,0.8978 
3083,0.8971 
3084,0.8996 
3085,0.9002 
3086,0.9024 
3087,0.9059 
3088,0.9012 
3089,0.9017 
3090,0.8991 
3091,0.8967 
3092,0.8992 
3093,0.8983 
3094,0.8944 
3095,0.8972 
3096,0.8965 
3097,0.9022 
3098,0.9073 
3099,0.9072 
3100,0.9086
3101,0.9022 
3102,0.9057 
3103,0.9057 
3104,0.9011 
3105,0.9016 
3106,0.9036 
3107,0.8945 
3108,0.8926 
3109,0.8971 
3110,0.8980 
3111,0.9004 
3112,0.9025 
3113,0.9045 
3114,0.9015 
3115,0.8957 
3116,0.8937 
3117,0.8902 
3118,0.8887 
3119,0.8873 
3120,0.8892 
3121,0.8909 
3122,0.8909 
3123,0.8924 
3124,0.9001 
3125,0.9022 
3126,0.9058 
3127,0.9074 
3128,0.8260 
3129,0.8231 
3130,0.8252 
3131,0.8239 
3132,0.8306 
3133,0.8413 
3134,0.8446 
3135,0.8555 
3136,0.8637 
3137,0.8695 
3138,0.8716 
3139,0.8751 
3140,0.8704
3141,0.8755 
3142,0.8864 
3143,0.8884 
3144,0.8949 
3145,0.8976 
3146,0.9000 
3147,0.8959 
3148,0.8923 
3149,0.8921 
3150,0.8810 
3151,0.8836 
3152,0.8843 
3153,0.8880 
3154,0.8898 
3155,0.8946 
3156,0.8989 
3157,0.8996 
3158,0.9019 
3159,0.9023 
3160,0.9058 
3161,0.9152 
3162,0.9050 
3163,0.9082 
3164,0.9096 
3165,0.9155 
3166,0.9068 
3167,0.9098 
3168,0.9079 
3169,0.9046 
3170,0.9063 
3171,0.9032 
3172,0.9004 
3173,0.8994 
3174,0.9032 
3175,0.8942 
3176,0.8938 
3177,0.8966 
3178,0.9007 
3179,0.8981 
3180,0.9005 
3181,0.9073 
3182,0.9088 
3183,0.9117 
3184,0.9096 
3185,0.9061 
3186,0.9061 
3187,0.9014 
3188,0.9004 
3189,0.8994 
3190,0.8985 
3191,0.9040 
3192,0.9058 
3193,0.9089 
3194,0.9118 
3195,0.9097 
3196,0.9109 
3197,0.9011 
3198,0.8922 
3199,0.8827 
3200,0.8616
3201,0.8645 
3202,0.8577 
3203,0.8579 
3204,0.8580 
3205,0.8488 
3206,0.8499 
3207,0.8492 
3208,0.8424 
3209,0.8441 
3210,0.8488 
3211,0.8452 
3212,0.8497 
3213,0.8585 
3214,0.8695 
3215,0.8794 
3216,0.8884 
3217,0.8886 
3218,0.8950 
3219,0.8993 
3220,0.8953 
3221,0.8980 
3222,0.8910 
3223,0.8847 
3224,0.8775 
3225,0.8772 
3226,0.8770 
3227,0.8768 
3228,0.8735 
3229,0.8799 
3230,0.8841 
3231,0.8879 
3232,0.8835 
3233,0.8857 
3234,0.8815 
3235,0.8793 
3236,0.8805 
3237,0.8815 
3238,0.8886 
3239,0.8904 
3240,0.8967 
3241,0.8929 
3242,0.8974 
3243,0.8967 
3244,0.8961 
3245,0.8971 
3246,0.8949 
3247,0.8898 
3248,0.8836 
3249,0.8859 
3250,0.8848 
3251,0.8854 
3252,0.8843 
3253,0.8897 
3254,0.8913 
3255,0.8959 
3256,0.8985 
3257,0.8962 
3258,0.8878 
3259,0.8850 
3260,0.8871 
3261,0.8890 
3262,0.8907 
3263,0.8938 
3264,0.8935 
3265,0.8964 
3266,0.8942 
3267,0.8970 
3268,0.9010 
3269,0.9047 
3270,0.9048 
3271,0.9034 
3272,0.9084 
3273,0.9113 
3274,0.9155 
3275,0.9130 
3276,0.9092 
3277,0.9058 
3278,0.9043 
3279,0.9045 
3280,0.9062 
3281,0.9093 
3282,0.9090 
3283,0.9041 
3284,0.9012 
3285,0.9017 
3286,0.8224 
3287,0.8214 
3288,0.8221 
3289,0.8274 
3290,0.8275 
3291,0.8369 
3292,0.8470 
3293,0.8529 
3294,0.8582 
3295,0.8599 
3296,0.8567 
3297,0.8601
3298,0.8632 
3299,0.8628 
3300,0.8734
3301,0.8767 
3302,0.8859 
3303,0.8910 
3304,0.8973 
3305,0.8966 
3306,0.8991 
3307,0.9014 
3308,0.9003 
3309,0.9025 
3310,0.8997 
3311,0.8988 
3312,0.8964 
3313,0.8927 
3314,0.8894 
3315,0.8926 
3316,0.8971 
3317,0.9059 
3318,0.9153 
3319,0.9237 
3320,0.9142 
3321,0.9024 
3322,0.8981 
3323,0.8927 
3324,0.8956 
3325,0.8920 
3326,0.8887 
3327,0.8827 
3328,0.8850 
3329,0.8918 
3330,0.8948 
3331,0.9038 
3332,0.9040 
3333,0.9027 
3334,0.9015 
3335,0.8942 
3336,0.8813 
3337,0.8791 
3338,0.8803 
3339,0.8875 
3340,0.8879 
3341,0.8944 
3342,0.8987 
3343,0.8994 
3344,0.8970 
3345,0.8948 
3346,0.8881 
3347,0.8915 
3348,0.8883 
3349,0.8870 
3350,0.8936 
3351,0.8964 
3352,0.8990 
3353,0.9013 
3354,0.8955 
3355,0.8981 
3356,0.9021 
3357,0.9009 
3358,0.9030 
3359,0.8971 
3360,0.8996 
3361,0.8956 
3362,0.8997 
3363,0.9020 
3364,0.9040 
3365,0.9042 
3366,0.9060 
3367,0.9091 
3368,0.9104 
3369,0.9100 
3370,0.9096 
3371,0.9155 
3372,0.9146 
3373,0.9106 
3374,0.9071 
3375,0.9023 
3376,0.8980 
3377,0.8941 
3378,0.8954 
3379,0.8964 
3380,0.8959 
3381,0.8938 
3382,0.8919 
3383,0.8855 
3384,0.8876 
3385,0.8910 
3386,0.8925 
3387,0.8970 
3388,0.8886 
3389,0.8919 
3390,0.8933 
3391,0.8946 
3392,0.8880 
3393,0.8914 
3394,0.8944 
3395,0.8956 
3396,0.8826 
3397,0.8834 
3398,0.8857 
3399,0.8940 
3400,0.8999
3401,0.9037 
3402,0.9039 
3403,0.9104 
3404,0.9178 
3405,0.9213 
3406,0.9183 
3407,0.9093 
3408,0.9011 
3409,0.8985 
3410,0.8884 
3411,0.8886 
3412,0.8935 
3413,0.8948 
3414,0.8990 
3415,0.8982 
3416,0.9006 
3417,0.9043 
3418,0.9029 
3419,0.9064 
3420,0.9032 
3421,0.9004 
3422,0.8979 
3423,0.8971 
3424,0.9012 
3425,0.9048 
3426,0.9081 
3427,0.9079 
3428,0.9093 
3429,0.9105 
3430,0.9054 
3431,0.8946 
3432,0.8879 
3433,0.8913 
3434,0.8991 
3435,0.9045 
3436,0.9109 
3437,0.9120 
3438,0.9130 
3439,0.9107 
3440,0.9056 
3441,0.8994 
3442,0.8939 
3443,0.8967 
3444,0.8179 
3445,0.8299 
3446,0.8344 
3447,0.8385 
3448,0.8452 
3449,0.8482 
3450,0.8587 
3451,0.8666 
3452,0.8721 
3453,0.8771 
3454,0.8800
3455,0.8811 
3456,0.8820 
3457,0.8829 
3458,0.8837 
3459,0.8875 
3460,0.8956 
3461,0.9014 
3462,0.9050 
3463,0.8989 
3464,0.8965 
3465,0.8990 
3466,0.8982 
3467,0.8974 
3468,0.8920 
3469,0.8841 
3470,0.8894 
3471,0.8896 
3472,0.8834 
3473,0.8810 
3474,0.8820 
3475,0.8828 
3476,0.8758 
3477,0.8695 
3478,0.8778 
3479,0.8760 
3480,0.8806 
3481,0.8738 
3482,0.8801 
3483,0.8734 
3484,0.8720 
3485,0.8707 
3486,0.8618 
3487,0.8693 
3488,0.8730 
3489,0.8779 
3490,0.8839 
3491,0.8877 
3492,0.8911 
3493,0.8957 
3494,0.8859 
3495,0.8801 
3496,0.8827 
3497,0.8726 
3498,0.8697 
3499,0.8686 
3500,0.8755
3501,0.8786 
3502,0.8845 
3503,0.8929 
3504,0.8974 
3505,0.9029 
3506,0.8908 
3507,0.8814 
3508,0.8667 
3509,0.8613 
3510,0.8642 
3511,0.8528 
3512,0.8597 
3513,0.8643 
3514,0.8654 
3515,0.8711 
3516,0.8746 
3517,0.8840 
3518,0.8925 
3519,0.8954 
3520,0.8965 
3521,0.8990 
3522,0.8998 
3523,0.8910 
3524,0.8910 
3525,0.8847 
3526,0.8806 
3527,0.8785 
3528,0.8766 
3529,0.8780 
3530,0.8824 
3531,0.8848 
3532,0.8916 
3533,0.8946 
3534,0.8927 
3535,0.8909 
3536,0.8862 
3537,0.8804 
3538,0.8705 
3539,0.8694 
3540,0.8590 
3541,0.8512 
3542,0.8505 
3543,0.8545 
3544,0.8597 
3545,0.8659 
3546,0.8684 
3547,0.8706 
3548,0.8757 
3549,0.8835 
3550,0.8857 
3551,0.8831 
3552,0.8854 
3553,0.8828 
3554,0.8914 
3555,0.8882 
3556,0.8775 
3557,0.8773 
3558,0.8864 
3559,0.8868 
3560,0.8919 
3561,0.8918 
3562,0.8979 
3563,0.9019 
3564,0.9023 
3565,0.9043 
3566,0.8966 
3567,0.8914 
3568,0.8803 
3569,0.8829 
3570,0.8853 
3571,0.8796 
3572,0.8728 
3573,0.8715 
3574,0.8828 
3575,0.8867 
3576,0.8933 
3577,0.8978 
3578,0.8986 
3579,0.8947 
3580,0.8896 
3581,0.8881 
3582,0.8790 
3583,0.8770 
3584,0.8800 
3585,0.8717 
3586,0.8782 
3587,0.8857 
3588,0.8862 
3589,0.8945 
3590,0.8972 
3591,0.8981 
3592,0.9005 
3593,0.8964 
3594,0.8786 
3595,0.8798 
3596,0.8746 
3597,0.8825 
3598,0.8833 
3599,0.8903 
3600,0.8934
3601,0.8916 
3602,0.8228 
3603,0.8280 
3604,0.8264 
3605,0.8282 
3606,0.8313 
3607,0.8372 
3608,0.8394 
3609,0.8446 
3610,0.8492 
3611,0.8471
3612,0.8514 
3613,0.8506 
3614,0.8468 
3615,0.8559 
3616,0.8609 
3617,0.8717 
3618,0.8674 
3619,0.8650 
3620,0.8691 
3621,0.8760 
3622,0.8743 
3623,0.8697 
3624,0.8671 
3625,0.8679 
3626,0.8608 
3627,0.8575 
3628,0.8593 
3629,0.8624 
3630,0.8637 
3631,0.8679 
3632,0.8686 
3633,0.8724 
3634,0.8789 
3635,0.8785 
3636,0.8844 
3637,0.8866 
3638,0.8886 
3639,0.8919 
3640,0.8902 
3641,0.8949 
3642,0.8914 
3643,0.8929 
3644,0.8911 
3645,0.8942 
3646,0.8954 
3647,0.8902 
3648,0.8887 
3649,0.8920 
3650,0.8934 
3651,0.8931 
3652,0.9007 
3653,0.9044 
3654,0.8936 
3655,0.8871 
3656,0.8874 
3657,0.8909 
3658,0.8924 
3659,0.9001 
3660,0.9038 
3661,0.9087 
3662,0.9116 
3663,0.9126 
3664,0.9042 
3665,0.9013 
3666,0.8986 
3667,0.8947 
3668,0.8943 
3669,0.9002 
3670,0.9070 
3671,0.9132 
3672,0.9110 
3673,0.9105 
3674,0.9054 
3675,0.9086 
3676,0.9084 
3677,0.9066 
3678,0.9034 
3679,0.9021 
3680,0.9026 
3681,0.9045 
3682,0.9093 
3683,0.9075 
3684,0.9074 
3685,0.9104 
3686,0.9178 
3687,0.9182 
3688,0.9107 
3689,0.9150 
3690,0.9188 
3691,0.9175 
3692,0.9148 
3693,0.9155 
3694,0.9099 
3695,0.9111 
3696,0.9044 
3697,0.8983 
3698,0.8991 
3699,0.8967 
3700,0.9008
3701,0.8935 
3702,0.8964 
3703,0.8989 
3704,0.9043 
3705,0.8998 
3706,0.9036 
3707,0.9054 
3708,0.9055 
3709,0.9009 
3710,0.8921 
3711,0.8872 
3712,0.8907 
3713,0.8797 
3714,0.8886 
3715,0.8857 
3716,0.8909 
3717,0.8956 
3718,0.8982 
3719,0.9021 
3720,0.9057 
3721,0.9042 
3722,0.8981 
3723,0.8989 
3724,0.8918 
3725,0.8980 
3726,0.8988 
3727,0.9027 
3728,0.9062 
3729,0.9109 
3730,0.9120 
3731,0.9036 
3732,0.9038 
3733,0.9041 
3734,0.8980 
3735,0.8973 
3736,0.8919 
3737,0.8981 
3738,0.9036 
3739,0.9070 
3740,0.9147 
3741,0.9139 
3742,0.9068 
3743,0.9037 
3744,0.9008 
3745,0.8951 
3746,0.8931 
3747,0.8897 
3748,0.8898 
3749,0.8961 
3750,0.9003 
3751,0.9040 
3752,0.9027 
3753,0.8936 
3754,0.8902 
3755,0.8871 
3756,0.8828 
3757,0.8711 
3758,0.8621 
3759,0.8618 
3760,0.7944 
3761,0.8103 
3762,0.8183 
3763,0.8287 
3764,0.8380 
3765,0.8401 
3766,0.8483 
3767,0.8478 
3768,0.8474
3769,0.8502 
3770,0.8574 
3771,0.8560 
3772,0.8563 
3773,0.8645 
3774,0.8702 
3775,0.8816 
3776,0.8903 
3777,0.8935 
3778,0.8916 
3779,0.8915 
3780,0.8868 
3781,0.8793 
3782,0.8805 
3783,0.8737 
3784,0.8754 
3785,0.8784 
3786,0.8812 
3787,0.8853 
3788,0.8968 
3789,0.8993 
3790,0.9000 
3791,0.8975 
3792,0.8827 
3793,0.8757 
3794,0.8725 
3795,0.8634 
3796,0.8552 
3797,0.8650 
3798,0.8707 
3799,0.8805 
3800,0.8893
3801,0.8926 
3802,0.8955 
3803,0.8841 
3804,0.8800 
3805,0.8827 
3806,0.8772 
3807,0.8676 
3808,0.8730 
3809,0.8732 
3810,0.8812 
3811,0.8822 
3812,0.8893 
3813,0.8925 
3814,0.8876 
3815,0.8848 
3816,0.8838 
3817,0.8861 
3818,0.8834 
3819,0.8763 
3820,0.8762 
3821,0.8792 
3822,0.8866 
3823,0.8870 
3824,0.8905 
3825,0.8999 
3826,0.9005 
3827,0.9026 
3828,0.8983 
3829,0.8913 
3830,0.8772 
3831,0.8754 
3832,0.8738 
3833,0.8802 
3834,0.8812 
3835,0.8915 
3836,0.8914 
3837,0.8914 
3838,0.8850 
3839,0.8872 
3840,0.8844 
3841,0.8850 
3842,0.8871 
3843,0.8781 
3844,0.8840 
3845,0.8909 
3846,0.8909 
3847,0.8940 
3848,0.8984 
3849,0.9023 
3850,0.8995 
3851,0.9018 
3852,0.9038 
3853,0.9025 
3854,0.8997 
3855,0.8926 
3856,0.8861 
3857,0.8866 
3858,0.8885 
3859,0.8903 
3860,0.8950 
3861,0.9008 
3862,0.8998 
3863,0.9051 
3864,0.9006 
3865,0.9027 
3866,0.8999 
3867,0.9006 
3868,0.8980 
3869,0.8957 
3870,0.8968 
3871,0.9024 
3872,0.9012 
3873,0.9017 
3874,0.9022 
3875,0.8963 
3876,0.8989 
3877,0.8965 
3878,0.8912 
3879,0.8896 
3880,0.8913 
3881,0.8975 
3882,0.9015 
3883,0.9097 
3884,0.9078 
3885,0.9108 
3886,0.9041 
3887,0.9059 
3888,0.9059 
3889,0.8997 
3890,0.9019 
3891,0.9008 
3892,0.8873 
3893,0.8735 
3894,0.8737 
3895,0.8769 
3896,0.8814 
3897,0.8855 
3898,0.8938 
3899,0.8982 
3900,0.9084
3901,0.9113 
3902,0.9139 
3903,0.9131 
3904,0.9156 
3905,0.9162 
3906,0.9074 
3907,0.9026 
3908,0.9030 
3909,0.8955 
3910,0.8950 
3911,0.8977 
3912,0.8954 
3913,0.9012 
3914,0.9095 
3915,0.9139 
3916,0.9115 
3917,0.9079 
3918,0.8296 
3919,0.8216 
3920,0.8223 
3921,0.8322 
3922,0.8396 
3923,0.8416 
3924,0.8559 
3925,0.8641
3926,0.8636 
3927,0.8663 
3928,0.8672 
3929,0.8726 
3930,0.8682 
3931,0.8736 
3932,0.8768 
3933,0.8735 
3934,0.8752 
3935,0.8705 
3936,0.8757 
3937,0.8818 
3938,0.8874 
3939,0.8955 
3940,0.8982 
3941,0.8974 
3942,0.8936 
3943,0.8886 
3944,0.8920 
3945,0.8918 
3946,0.8823 
3947,0.8769 
3948,0.8814 
3949,0.8776 
3950,0.8899 
3951,0.9009 
3952,0.9014 
3953,0.9019 
3954,0.8977 
3955,0.8891 
3956,0.8924 
3957,0.8954 
3958,0.9011 
3959,0.9032 
3960,0.9035 
3961,0.9038 
3962,0.9087 
3963,0.9022 
3964,0.9042 
3965,0.9028 
3966,0.9000 
3967,0.9054 
3968,0.9070 
3969,0.9101 
3970,0.9097 
3971,0.9062 
3972,0.8984 
3973,0.8945 
3974,0.8925 
3975,0.8877 
3976,0.8911 
3977,0.8957 
3978,0.9030 
3979,0.9096 
3980,0.9093 
3981,0.9137 
3982,0.9129 
3983,0.8982 
3984,0.8927 
3985,0.8878 
3986,0.8866 
3987,0.8854 
3988,0.8890 
3989,0.8876 
3990,0.8926 
3991,0.8971 
3992,0.8980 
3993,0.9020 
3994,0.9071 
3995,0.9054 
3996,0.9087 
3997,0.9084 
3998,0.9160 
3999,0.9150 
4000,0.9110
4001,0.9106 
4002,0.9101 
4003,0.9019 
4004,0.9024 
4005,0.8996 
4006,0.8940 
4007,0.8953 
4008,0.9026 
4009,0.9061 
4010,0.9124 
4011,0.9055 
4012,0.8962 
4013,0.8925 
4014,0.8939 
4015,0.8967 
4016,0.8992 
4017,0.8952 
4018,0.8901 
4019,0.8917 
4020,0.8947 
4021,0.8990 
4022,0.8997 
4023,0.9019 
4024,0.8977 
4025,0.8954 
4026,0.8856 
4027,0.8814 
4028,0.8885 
4029,0.8903 
4030,0.8888 
4031,0.8921 
4032,0.9013 
4033,0.9065 
4034,0.9034 
4035,0.9068 
4036,0.9067 
4037,0.8973 
4038,0.9013 
4039,0.9002 
4040,0.9008 
4041,0.9061 
4042,0.9139 
4043,0.9116 
4044,0.9157 
4045,0.9085 
4046,0.9114 
4047,0.8953 
4048,0.8933 
4049,0.9008 
4050,0.9060 
4051,0.9107 
4052,0.9150 
4053,0.9141 
4054,0.9133 
4055,0.9079 
4056,0.9031 
4057,0.8971 
4058,0.8887 
4059,0.8951 
4060,0.8978 
4061,0.8971 
4062,0.9027 
4063,0.9093 
4064,0.9168 
4065,0.9173 
4066,0.9131 
4067,0.9093 
4068,0.9012 
4069,0.9001 
4070,0.8913 
4071,0.8881 
4072,0.8884 
4073,0.8871 
4074,0.8905 
4075,0.8937 
4076,0.8168 
4077,0.8320 
4078,0.8425 
4079,0.8583 
4080,0.8709 
4081,0.8807 
4082,0.8848
4083,0.8869 
4084,0.8873 
4085,0.8908 
4086,0.8861 
4087,0.8834 
4088,0.8763 
4089,0.8684 
4090,0.8706 
4091,0.8773 
4092,0.8864 
4093,0.8884 
4094,0.8886 
4095,0.8888 
4096,0.8906 
4097,0.8828 
4098,0.8726 
4099,0.8744 
4100,0.8776
4101,0.8773 
4102,0.8787 
4103,0.8846 
4104,0.8898 
4105,0.8930 
4106,0.8975 
4107,0.9015 
4108,0.8801 
4109,0.8671 
4110,0.8710 
4111,0.8698 
4112,0.8719 
4113,0.8738 
4114,0.8770 
4115,0.8721 
4116,0.8802 
4117,0.8844 
4118,0.8913 
4119,0.8943 
4120,0.8955 
4121,0.8950 
4122,0.8993 
4123,0.9015 
4124,0.9051 
4125,0.9006 
4126,0.9027 
4127,0.8999 
4128,0.8943 
4129,0.9002 
4130,0.8961 
4131,0.8987 
4132,0.9026 
4133,0.9014 
4134,0.8987 
4135,0.8979 
4136,0.8956 
4137,0.8936 
4138,0.8901 
4139,0.8902 
4140,0.8887 
4141,0.8920 
4142,0.8997 
4143,0.9003 
4144,0.9056 
4145,0.9135 
4146,0.9096 
4147,0.9062 
4148,0.8984 
4149,0.8945 
4150,0.8956 
4151,0.8920 
4152,0.8966 
4153,0.8991 
4154,0.9029 
4155,0.9033 
4156,0.8942 
4157,0.8876 
4158,0.8801 
4159,0.8874 
4160,0.8877 
4161,0.8958 
4162,0.9000 
4163,0.9037 
4164,0.9071 
4165,0.9070 
4166,0.8976 
4167,0.8906 
4168,0.8875 
4169,0.8956 
4170,0.8951 
4171,0.8947 
4172,0.8974 
4173,0.9077 
4174,0.8981 
4175,0.8911 
4176,0.8911 
4177,0.8942 
4178,0.8938 
4179,0.8935 
4180,0.8885 
4181,0.8887 
4182,0.8983 
4183,0.9022 
4184,0.9057 
4185,0.9042 
4186,0.9029 
4187,0.9063 
4188,0.9079 
4189,0.9062 
4190,0.9030 
4191,0.8987 
4192,0.8932 
4193,0.8914 
4194,0.8897 
4195,0.8867 
4196,0.8855 
4197,0.8876 
4198,0.8926 
4199,0.8955 
4200,0.8966
4201,0.8929 
4202,0.8880 
4203,0.8867 
4204,0.8839 
4205,0.8846 
4206,0.8868 
4207,0.8825 
4208,0.8895 
4209,0.8881 
4210,0.8805 
4211,0.8753 
4212,0.8784 
4213,0.8734 
4214,0.8735 
4215,0.8784 
4216,0.8780 
4217,0.8824 
4218,0.8817 
4219,0.8826 
4220,0.8834 
4221,0.8857 
4222,0.8908 
4223,0.8955 
4224,0.8981 
4225,0.8974 
4226,0.8936 
4227,0.8933 
4228,0.9008 
4229,0.9061 
4230,0.9139 
4231,0.9163 
4232,0.9184 
4233,0.9047 
4234,0.8236 
4235,0.8209 
4236,0.8232 
4237,0.8174 
4238,0.8248 
4239,0.8345
4240,0.8495 
4241,0.8567 
4242,0.8601 
4243,0.8678 
4244,0.8685 
4245,0.8661 
4246,0.8716 
4247,0.8751 
4248,0.8767 
4249,0.8702 
4250,0.8692 
4251,0.8744 
4252,0.8776 
4253,0.8727 
4254,0.8823 
4255,0.8878 
4256,0.8834 
4257,0.8872 
4258,0.8829 
4259,0.8852 
4260,0.8733 
4261,0.8688 
4262,0.8756 
4263,0.8787 
4264,0.8830 
4265,0.8885 
4266,0.8934 
4267,0.9040 
4268,0.9042 
4269,0.9029 
4270,0.9079 
4271,0.9109 
4272,0.9120 
4273,0.9114 
4274,0.9046 
4275,0.9048 
4276,0.8971 
4277,0.9074 
4278,0.9010 
4279,0.9094 
4280,0.9138 
4281,0.9114 
4282,0.9140 
4283,0.9180 
4284,0.9152 
4285,0.9159 
4286,0.9134 
4287,0.9189 
4288,0.9208 
4289,0.9177 
4290,0.9182 
4291,0.9123 
4292,0.9054 
4293,0.9024 
4294,0.9075 
4295,0.9073 
4296,0.9057 
4297,0.9120 
4298,0.9145 
4299,0.9153 
4300,0.9159
4301,0.9087 
4302,0.9038 
4303,0.9071 
4304,0.8992 
4305,0.9046 
4306,0.9017 
4307,0.9037 
4308,0.9008 
4309,0.9014 
4310,0.9034 
4311,0.9021 
4312,0.8994 
4313,0.8892 
4314,0.8768 
4315,0.8798 
4316,0.8808 
4317,0.8740 
4318,0.8804 
4319,0.8767 
4320,0.8781 
4321,0.8793 
4322,0.8867 
4323,0.8918 
4324,0.8995 
4325,0.9049 
4326,0.9081 
4327,0.9064 
4328,0.9126 
4329,0.9135 
4330,0.9144 
4331,0.9151 
4332,0.9049 
4333,0.9003 
4334,0.9009 
4335,0.8952 
4336,0.8963 
4337,0.8832 
4338,0.8887 
4339,0.8889 
4340,0.8906 
4341,0.8875 
4342,0.8909 
4343,0.8924 
4344,0.8860 
4345,0.8896 
4346,0.8897 
4347,0.8867 
4348,0.8839 
4349,0.8862 
4350,0.8897 
4351,0.8930 
4352,0.8927 
4353,0.8925 
4354,0.8861 
4355,0.8850 
4356,0.8902 
4357,0.8840 
4358,0.8878 
4359,0.8896 
4360,0.8960 
4361,0.8986 
4362,0.8978 
4363,0.8908 
4364,0.8908 
4365,0.8908 
4366,0.8923 
4367,0.8890 
4368,0.8892 
4369,0.8878 
4370,0.8927 
4371,0.8972 
4372,0.8997 
4373,0.8957 
4374,0.8936 
4375,0.8980 
4376,0.8988 
4377,0.9011 
4378,0.9016 
4379,0.9037 
4380,0.9008 
4381,0.8998 
4382,0.8957 
4383,0.8968 
4384,0.8993 
4385,0.9000 
4386,0.9053 
4387,0.9101 
4388,0.9144 
4389,0.9183 
4390,0.9124 
4391,0.9102 
4392,0.8332 
4393,0.8405 
4394,0.8440 
4395,0.8533 
4396,0.8586
4397,0.8650 
4398,0.8706 
4399,0.8711 
4400,0.8730
4401,0.8748 
4402,0.8764 
4403,0.8762 
4404,0.8886 
4405,0.8857 
4406,0.8971 
4407,0.8996 
4408,0.9050 
4409,0.9098 
4410,0.9032 
4411,0.8972 
4412,0.8934 
4413,0.8885 
4414,0.8856 
4415,0.8845 
4416,0.8898 
4417,0.8914 
4418,0.8945 
4419,0.8957 
4420,0.9061 
4421,0.9108 
4422,0.9166 
4423,0.9093 
4424,0.9059 
4425,0.8965 
4426,0.8913 
4427,0.8896 
4428,0.8897 
4429,0.8914 
4430,0.8991 
4431,0.9061 
4432,0.9092 
4433,0.9152 
4434,0.9205 
4435,0.9191 
4436,0.9194 
4437,0.9118 
4438,0.8941 
4439,0.8937 
4440,0.8887 
4441,0.8842 
4442,0.8864 
4443,0.8869 
4444,0.8935 
4445,0.8979 
4446,0.8987 
4447,0.8901 
4448,0.8823 
4449,0.8800 
4450,0.8842 
4451,0.8880 
4452,0.8929 
4453,0.8974 
4454,0.9061 
4455,0.9108 
4456,0.9025 
4457,0.8935 
4458,0.8901 
4459,0.8902 
4460,0.8886 
4461,0.8935 
4462,0.9026 
4463,0.9030 
4464,0.9064 
4465,0.9080 
4466,0.9109 
4467,0.9136 
4468,0.9160 
4469,0.9103 
4470,0.9068 
4471,0.9067 
4472,0.8989 
4473,0.8887 
4474,0.8936 
4475,0.8948 
4476,0.9022 
4477,0.9026 
4478,0.9014 
4479,0.8988 
4480,0.8964 
4481,0.8927 
4482,0.8941 
4483,0.8984 
4484,0.8914 
4485,0.8913 
4486,0.8865 
4487,0.8901 
4488,0.8964 
4489,0.9021 
4490,0.8993 
4491,0.9016 
4492,0.8927 
4493,0.8925 
4494,0.8985 
4495,0.9040 
4496,0.9011 
4497,0.9047 
4498,0.9033 
4499,0.9021 
4500,0.9025
4501,0.9044 
4502,0.9015 
4503,0.9020 
4504,0.9024 
4505,0.8981 
4506,0.8911 
4507,0.8957 
4508,0.8905 
4509,0.8921 
4510,0.8935 
4511,0.8979 
4512,0.9019 
4513,0.9054 
4514,0.9102 
4515,0.9036 
4516,0.9054 
4517,0.9024 
4518,0.9012 
4519,0.8970 
4520,0.8948 
4521,0.8928 
4522,0.8910 
4523,0.8957 
4524,0.8967 
4525,0.8993 
4526,0.9062 
4527,0.9093 
4528,0.9106 
4529,0.9102 
4530,0.9098 
4531,0.9094 
4532,0.8982 
4533,0.8943 
4534,0.8970 
4535,0.8964 
4536,0.9021 
4537,0.9041 
4538,0.9027 
4539,0.9078 
4540,0.9076 
4541,0.9043 
4542,0.8952 
4543,0.8900 
4544,0.8901 
4545,0.8839 
4546,0.8892 
4547,0.8988 
4548,0.9011 
4549,0.9063 
4550,0.8250 
4551,0.8347 
4552,0.8356 
4553,0.8349
4554,0.8342 
4555,0.8398 
4556,0.8480 
4557,0.8507 
4558,0.8610 
4559,0.8655 
4560,0.8618 
4561,0.8631 
4562,0.8658 
4563,0.8621 
4564,0.8680 
4565,0.8766 
4566,0.8827 
4567,0.8850 
4568,0.8903 
4569,0.8997 
4570,0.9050 
4571,0.9067 
4572,0.9004 
4573,0.8963 
4574,0.8957 
4575,0.8843 
4576,0.8849 
4577,0.8871 
4578,0.8905 
4579,0.8843 
4580,0.8865 
4581,0.8869 
4582,0.8857 
4583,0.8846 
4584,0.8915 
4585,0.8930 
4586,0.8990 
4587,0.8966 
4588,0.8944 
4589,0.8940 
4590,0.8890 
4591,0.8798 
4592,0.8793 
4593,0.8805 
4594,0.8768 
4595,0.8797 
4596,0.8808 
4597,0.8740 
4598,0.8772 
4599,0.8770 
4600,0.8768
4601,0.8829 
4602,0.8883 
4603,0.8932 
4604,0.8945 
4605,0.9020 
4606,0.9040 
4607,0.9026 
4608,0.8952 
4609,0.8838 
4610,0.8860 
4611,0.8943 
4612,0.8955 
4613,0.8981 
4614,0.9052 
4615,0.9100 
4616,0.9112 
4617,0.8951 
4618,0.8931 
4619,0.8866 
4620,0.8901 
4621,0.8901 
4622,0.8886 
4623,0.8920 
4624,0.8965 
4625,0.8990 
4626,0.8904 
4627,0.8904 
4628,0.8889 
4629,0.8890 
4630,0.8892 
4631,0.8878 
4632,0.8928 
4633,0.8925 
4634,0.8908 
4635,0.8908 
4636,0.8954 
4637,0.8981 
4638,0.8989 
4639,0.9028 
4640,0.8937 
4641,0.8997 
4642,0.8941 
4643,0.8969 
4644,0.9009 
4645,0.9046 
4646,0.9079 
4647,0.9140 
4648,0.9163 
4649,0.9122 
4650,0.9085 
4651,0.9051 
4652,0.9005 
4653,0.9027 
4654,0.9015 
4655,0.9082 
4656,0.9064 
4657,0.9049 
4658,0.9003 
4659,0.9009 
4660,0.8905 
4661,0.8921 
4662,0.8872 
4663,0.8891 
4664,0.8924 
4665,0.8938 
4666,0.8935 
4667,0.8979 
4668,0.8956 
4669,0.8967 
4670,0.8914 
4671,0.8929 
4672,0.8817 
4673,0.8826 
4674,0.8881 
4675,0.8915 
4676,0.8945 
4677,0.8926 
4678,0.8908 
4679,0.8970 
4680,0.8964 
4681,0.8911 
4682,0.8942 
4683,0.8923 
4684,0.8968 
4685,0.9009 
4686,0.9030 
4687,0.8971 
4688,0.8980 
4689,0.8972 
4690,0.8997 
4691,0.8988 
4692,0.8980 
4693,0.8926 
4694,0.8924 
4695,0.8953 
4696,0.8980 
4697,0.9019 
4698,0.9070 
4699,0.9038 
4700,0.9072
4701,0.9087 
4702,0.9084 
4703,0.9051 
4704,0.9115 
4705,0.9109 
4706,0.9167 
4707,0.9157 
4708,0.8366 
4709,0.8451 
4710,0.8559
