1,0.0000 
2,0.0844 
3,0.0793 
4,0.1018 
5,0.0962 
6,0.1549 
7,0.1088 
8,0.1619 
9,0.1424 
10,0.1493 
11,0.1526 
12,0.1331 
13,0.1832 
14,0.2425 
15,0.2821 
16,0.3170 
17,0.3210 
18,0.3775 
19,0.3975 
20,0.3903 
21,0.4146 
22,0.3981 
23,0.3641 
24,0.3320 
25,0.3651 
26,0.4008 
27,0.3821 
28,0.3803 
29,0.4208 
30,0.4211 
31,0.4429 
32,0.4382 
33,0.4620 
34,0.4769 
35,0.4817 
36,0.5142 
37,0.5332 
38,0.5359 
39,0.5590 
40,0.5655 
41,0.5678 
42,0.5584 
43,0.5619 
44,0.5539 
45,0.5368 
46,0.5437 
47,0.5646 
48,0.5643 
49,0.5714 
50,0.5822 
51,0.5792 
52,0.5813 
53,0.5855 
54,0.6048 
55,0.6256 
56,0.6277 
57,0.6316 
58,0.6499 
59,0.6319 
60,0.6248 
61,0.6268 
62,0.6165 
63,0.6295 
64,0.6289 
65,0.6419 
66,0.6513 
67,0.6425 
68,0.6441 
69,0.6510 
70,0.6444 
71,0.6475 
72,0.6538 
73,0.6575 
74,0.6540 
75,0.6559 
76,0.6559 
77,0.6709 
78,0.6710 
79,0.6630 
80,0.6687 
81,0.6738 
82,0.6829 
83,0.6896 
84,0.6941 
85,0.6872 
86,0.6950 
87,0.6865 
88,0.6835 
89,0.6885 
90,0.6963 
91,0.6923 
92,0.6730 
93,0.6651 
94,0.6642 
95,0.6634 
96,0.6736 
97,0.6594 
98,0.6575 
99,0.6465 
100,0.6474
101,0.6483 
102,0.6663 
103,0.6731 
104,0.6761 
105,0.6866 
106,0.6883 
107,0.6913 
108,0.6894 
109,0.6845 
110,0.6911 
111,0.6829 
112,0.6771 
113,0.6875 
114,0.6969 
115,0.6975 
116,0.7043 
117,0.7058 
118,0.7024 
119,0.6931 
120,0.7003 
121,0.6990 
122,0.6995 
123,0.7108 
124,0.7006 
125,0.7056 
126,0.6459 
127,0.6438 
128,0.6420 
129,0.6450 
130,0.6570 
131,0.6694 
132,0.6681 
133,0.6747 
134,0.6760 
135,0.6740 
136,0.6723 
137,0.6879 
138,0.6941 
139,0.7012 
140,0.6952 
141,0.7069 
142,0.7065 
143,0.7109 
144,0.7117 
145,0.7264 
146,0.7288 
147,0.7293 
148,0.7267 
149,0.7228 
150,0.7255 
151,0.7248 
152,0.7383 
153,0.7254 
154,0.7107 
155,0.7209 
156,0.7160 
157,0.7256
158,0.7218 
159,0.7309 
160,0.7172 
161,0.7079 
162,0.7059 
163,0.7103 
164,0.7127 
165,0.7008 
166,0.7042 
167,0.7150 
168,0.7076 
169,0.7149 
170,0.7216 
171,0.7291 
172,0.7281 
173,0.7224 
174,0.7205 
175,0.7203 
176,0.7311 
177,0.7330 
178,0.7347 
179,0.7331 
180,0.7379 
181,0.7376 
182,0.7372 
183,0.7370 
184,0.7430 
185,0.7390 
186,0.7416 
187,0.7425 
188,0.7354 
189,0.7212 
190,0.7319 
191,0.7447 
192,0.7530 
193,0.7683 
194,0.7759 
195,0.7733 
196,0.7694 
197,0.7784 
198,0.7787 
199,0.7727 
200,0.7751
201,0.7835 
202,0.7864 
203,0.7890 
204,0.7742 
205,0.7796 
206,0.7860 
207,0.7777 
208,0.7718 
209,0.7618 
210,0.7716 
211,0.7757 
212,0.7715 
213,0.7428 
214,0.7248 
215,0.7148 
216,0.7199 
217,0.7182 
218,0.7245 
219,0.7239 
220,0.7297 
221,0.7333 
222,0.7443 
223,0.7449 
224,0.7563 
225,0.7604 
226,0.7672 
227,0.7717 
228,0.7805 
229,0.7805 
230,0.7822 
231,0.7774 
232,0.7809 
233,0.7794 
234,0.7843 
235,0.7746 
236,0.7768 
237,0.7773 
238,0.7808 
239,0.7824 
240,0.7823 
241,0.7744 
242,0.7672 
243,0.7671 
244,0.7638 
245,0.7577 
246,0.7601 
247,0.7638 
248,0.7593 
249,0.7583 
250,0.7528 
251,0.7478 
252,0.7465 
253,0.7562 
254,0.7619 
255,0.7575 
256,0.7552 
257,0.7516 
258,0.7483 
259,0.7516 
260,0.7421 
261,0.7397 
262,0.7408 
263,0.7479 
264,0.7481 
265,0.7577 
266,0.7647 
267,0.7758 
268,0.7779 
269,0.7720 
270,0.7745 
271,0.7767 
272,0.7725 
273,0.7827 
274,0.7810 
275,0.7717 
276,0.7742 
277,0.7749 
278,0.7786 
279,0.7883 
280,0.7954 
281,0.7971 
282,0.7924 
283,0.7882 
284,0.7218 
285,0.7293 
286,0.7283 
287,0.7351 
288,0.7382 
289,0.7503 
290,0.7565 
291,0.7637 
292,0.7686 
293,0.7714 
294,0.7739 
295,0.7731 
296,0.7755 
297,0.7776 
298,0.7764 
299,0.7800 
300,0.7848
301,0.7876 
302,0.7870 
303,0.7817 
304,0.7848 
305,0.7938 
306,0.8004 
307,0.8047 
308,0.8024 
309,0.8096 
310,0.8115 
311,0.8085 
312,0.8089 
313,0.8202 
314,0.8272
315,0.8226 
316,0.8341 
317,0.8444 
318,0.8303 
319,0.8160 
320,0.8047 
321,0.7946 
322,0.7729 
323,0.7628 
324,0.7600 
325,0.7699 
326,0.7757 
327,0.7825 
328,0.7840 
329,0.8009 
330,0.7958 
331,0.7928 
332,0.7963 
333,0.8026 
334,0.8020 
335,0.8047 
336,0.8133 
337,0.8147 
338,0.8239 
339,0.8321 
340,0.8380 
341,0.8354 
342,0.8316 
343,0.8219 
344,0.8178 
345,0.8204 
346,0.8212 
347,0.8281 
348,0.8250 
349,0.8284 
350,0.8378 
351,0.8399 
352,0.8356 
353,0.8333 
354,0.8375 
355,0.8334 
356,0.8282 
357,0.8251 
358,0.8316 
359,0.8266 
360,0.8252 
361,0.8255 
362,0.8164 
363,0.8160 
364,0.8094 
365,0.8066 
366,0.8056 
367,0.8063 
368,0.8178 
369,0.8220 
370,0.8179 
371,0.8158 
372,0.8202 
373,0.8116 
374,0.8164 
375,0.8191 
376,0.8216 
377,0.8222 
378,0.8275 
379,0.8291 
380,0.8243 
381,0.8247 
382,0.8251 
383,0.8207 
384,0.8074 
385,0.8001 
386,0.8044 
387,0.8068 
388,0.8152 
389,0.8149 
390,0.8131 
391,0.8099 
392,0.8117 
393,0.8056 
394,0.8063 
395,0.8100 
396,0.8009 
397,0.8005 
398,0.7986 
399,0.7968 
400,0.7984
401,0.7951 
402,0.7984 
403,0.7998 
404,0.7995 
405,0.8086 
406,0.8137 
407,0.8136 
408,0.8057 
409,0.8126 
410,0.8048 
411,0.8118 
412,0.8134 
413,0.8165 
414,0.8176 
415,0.8171 
416,0.8182 
417,0.8098 
418,0.8101 
419,0.8135 
420,0.8040 
421,0.8127 
422,0.8064 
423,0.8117 
424,0.8055 
425,0.8078 
426,0.8083 
427,0.8009 
428,0.8036 
429,0.8060 
430,0.8098 
431,0.8195 
432,0.8235 
433,0.8177 
434,0.8125 
435,0.8109 
436,0.8189 
437,0.8198 
438,0.8191 
439,0.8231 
440,0.8220 
441,0.8211 
442,0.7484 
443,0.7610 
444,0.7724 
445,0.7686 
446,0.7730 
447,0.7707 
448,0.7827 
449,0.7841 
450,0.7885 
451,0.7987 
452,0.8017 
453,0.7981 
454,0.7917 
455,0.7906 
456,0.7913 
457,0.7981 
458,0.7964 
459,0.8043 
460,0.8066 
461,0.8104 
462,0.8137 
463,0.8167 
464,0.8147 
465,0.8207 
466,0.8309 
467,0.8353 
468,0.8408 
469,0.8333 
470,0.8343 
471,0.8322
472,0.8286 
473,0.8254 
474,0.8304 
475,0.8411 
476,0.8367 
477,0.8218 
478,0.8162 
479,0.8127 
480,0.8220 
481,0.8195 
482,0.8235 
483,0.8286 
484,0.8208 
485,0.8137 
486,0.8151 
487,0.8118 
488,0.8071 
489,0.7999 
490,0.7964 
491,0.7996 
492,0.8056 
493,0.8141 
494,0.8217 
495,0.8255 
496,0.8258 
497,0.8338 
498,0.8317 
499,0.8313 
500,0.8388
501,0.8378 
502,0.8290 
503,0.8242 
504,0.8230 
505,0.8314 
506,0.8373 
507,0.8379 
508,0.8463 
509,0.8429 
510,0.8508 
511,0.8423 
512,0.8331 
513,0.8404 
514,0.8439 
515,0.8407 
516,0.8395 
517,0.8368 
518,0.8406 
519,0.8425 
520,0.8395 
521,0.8446 
522,0.8445 
523,0.8444 
524,0.8459 
525,0.8426 
526,0.8302 
527,0.8284 
528,0.8362 
529,0.8370 
530,0.8345 
531,0.8339 
532,0.8396 
533,0.8400 
534,0.8419 
535,0.8390 
536,0.8426 
537,0.8364 
538,0.8309 
539,0.8322 
540,0.8302 
541,0.8253 
542,0.8225 
543,0.8231 
544,0.8220 
545,0.8304 
546,0.8286 
547,0.8270 
548,0.8287 
549,0.8271 
550,0.8303 
551,0.8410 
552,0.8460 
553,0.8489 
554,0.8484 
555,0.8432 
556,0.8511 
557,0.8582 
558,0.8505 
559,0.8467 
560,0.8339 
561,0.8271 
562,0.8209 
563,0.8216 
564,0.8254 
565,0.8210 
566,0.8217 
567,0.8255 
568,0.8336 
569,0.8408 
570,0.8427 
571,0.8428 
572,0.8398 
573,0.8370 
574,0.8346 
575,0.8433 
576,0.8434 
577,0.8512 
578,0.8598 
579,0.8629 
580,0.8626 
581,0.8497 
582,0.8413 
583,0.8306 
584,0.8366 
585,0.8389 
586,0.8378 
587,0.8384 
588,0.8468 
589,0.8402 
590,0.8343 
591,0.8274 
592,0.8228 
593,0.8265 
594,0.8298 
595,0.8280 
596,0.8343 
597,0.8352 
598,0.8345 
599,0.8355 
600,0.7597
601,0.7588 
602,0.7548 
603,0.7418 
604,0.7473 
605,0.7507 
606,0.7631 
607,0.7790 
608,0.7948 
609,0.8029 
610,0.8038 
611,0.8094 
612,0.8081 
613,0.8101 
614,0.8135 
615,0.8243 
616,0.8278 
617,0.8372 
618,0.8457 
619,0.8455 
620,0.8438 
621,0.8469 
622,0.8497 
623,0.8444 
624,0.8381 
625,0.8434 
626,0.8481 
627,0.8523 
628,0.8562
629,0.8549 
630,0.8522 
631,0.8514 
632,0.8350 
633,0.8390 
634,0.8489 
635,0.8437 
636,0.8484 
637,0.8495 
638,0.8426 
639,0.8396 
640,0.8416 
641,0.8371 
642,0.8347 
643,0.8324 
644,0.8320 
645,0.8379 
646,0.8416 
647,0.8527 
648,0.8534 
649,0.8603 
650,0.8633 
651,0.8535 
652,0.8572 
653,0.8559 
654,0.8594 
655,0.8609 
656,0.8576 
657,0.8609 
658,0.8608 
659,0.8591 
660,0.8622 
661,0.8619 
662,0.8570 
663,0.8432 
664,0.8448 
665,0.8416 
666,0.8465 
667,0.8462 
668,0.8460 
669,0.8442 
670,0.8473 
671,0.8500 
672,0.8463 
673,0.8413 
674,0.8291 
675,0.8321 
676,0.8286 
677,0.8317 
678,0.8360 
679,0.8258 
680,0.8276 
681,0.8308 
682,0.8274 
683,0.8290 
684,0.8243 
685,0.8184 
686,0.8162 
687,0.8174 
688,0.8123 
689,0.8123 
690,0.8264 
691,0.8312 
692,0.8372 
693,0.8503 
694,0.8512 
695,0.8536 
696,0.8511 
697,0.8535 
698,0.8431 
699,0.8416 
700,0.8449
701,0.8417 
702,0.8435 
703,0.8451 
704,0.8418 
705,0.8420 
706,0.8484 
707,0.8433 
708,0.8371 
709,0.8409 
710,0.8427 
711,0.8459 
712,0.8457 
713,0.8502 
714,0.8589 
715,0.8574 
716,0.8545 
717,0.8519 
718,0.8510 
719,0.8409 
720,0.8459 
721,0.8473 
722,0.8547 
723,0.8583 
724,0.8569 
725,0.8540 
726,0.8545 
727,0.8597 
728,0.8565 
729,0.8584 
730,0.8647 
731,0.8658 
732,0.8636 
733,0.8569 
734,0.8556 
735,0.8497 
736,0.8491 
737,0.8548 
738,0.8568 
739,0.8587 
740,0.8556 
741,0.8575 
742,0.8609 
743,0.8638 
744,0.8618 
745,0.8553 
746,0.8557 
747,0.8545 
748,0.8581 
749,0.8520 
750,0.8496 
751,0.8522 
752,0.8544 
753,0.8581 
754,0.8598 
755,0.8613 
756,0.8642 
757,0.8653 
758,0.7881 
759,0.7968 
760,0.8015 
761,0.7979 
762,0.7994 
763,0.8038 
764,0.8156 
765,0.8200 
766,0.8255 
767,0.8242 
768,0.8293 
769,0.8339 
770,0.8427 
771,0.8459 
772,0.8566 
773,0.8569 
774,0.8525 
775,0.8485 
776,0.8480 
777,0.8522 
778,0.8451 
779,0.8528 
780,0.8566 
781,0.8569 
782,0.8649 
783,0.8644 
784,0.8576 
785,0.8625
786,0.8606 
787,0.8589 
788,0.8605 
789,0.8667 
790,0.8675 
791,0.8745 
792,0.8714 
793,0.8655 
794,0.8602 
795,0.8570 
796,0.8526 
797,0.8564 
798,0.8676 
799,0.8684 
800,0.8721
801,0.8662 
802,0.8608 
803,0.8591 
804,0.8607 
805,0.8606 
806,0.8604 
807,0.8603 
808,0.8618 
809,0.8631 
810,0.8690 
811,0.8712 
812,0.8715 
813,0.8625 
814,0.8622 
815,0.8635 
816,0.8662 
817,0.8655 
818,0.8649 
819,0.8628 
820,0.8593 
821,0.8609 
822,0.8607 
823,0.8590 
824,0.8669 
825,0.8693 
826,0.8730 
827,0.8810 
828,0.8788 
829,0.8722 
830,0.8678 
831,0.8669 
832,0.8615 
833,0.8503 
834,0.8512 
835,0.8552 
836,0.8619 
837,0.8663 
838,0.8640 
839,0.8604 
840,0.8572 
841,0.8543 
842,0.8564 
843,0.8582 
844,0.8646 
845,0.8594 
846,0.8610 
847,0.8592 
848,0.8592 
849,0.8561 
850,0.8596 
851,0.8658 
852,0.8699 
853,0.8672 
854,0.8633 
855,0.8598 
856,0.8598 
857,0.8457 
858,0.8424 
859,0.8456 
860,0.8517 
861,0.8603 
862,0.8649 
863,0.8627 
864,0.8593 
865,0.8484 
866,0.8510 
867,0.8534 
868,0.8556 
869,0.8669 
870,0.8646 
871,0.8625 
872,0.8559 
873,0.8594 
874,0.8516 
875,0.8461 
876,0.8459 
877,0.8425 
878,0.8411 
879,0.8414 
880,0.8400 
881,0.8451 
882,0.8575 
883,0.8530 
884,0.8536 
885,0.8573 
886,0.8606 
887,0.8590 
888,0.8590 
889,0.8559 
890,0.8578 
891,0.8533 
892,0.8508 
893,0.8579 
894,0.8596 
895,0.8627 
896,0.8577 
897,0.8563 
898,0.8535 
899,0.8603 
900,0.8587
901,0.8572 
902,0.8543 
903,0.8563 
904,0.8644 
905,0.8718 
906,0.8768 
907,0.8688 
908,0.8631 
909,0.8628 
910,0.8687 
911,0.8771 
912,0.8738 
913,0.8661 
914,0.8670 
915,0.8725 
916,0.7930 
917,0.8044 
918,0.8083 
919,0.8103 
920,0.8121 
921,0.8152 
922,0.8290 
923,0.8383 
924,0.8420 
925,0.8515 
926,0.8508 
927,0.8438 
928,0.8438 
929,0.8532 
930,0.8475 
931,0.8456 
932,0.8501 
933,0.8557 
934,0.8592 
935,0.8623 
936,0.8667 
937,0.8660 
938,0.8685 
939,0.8613 
940,0.8580 
941,0.8534 
942,0.8447
943,0.8524 
944,0.8484 
945,0.8448 
946,0.8478 
947,0.8427 
948,0.8522 
949,0.8607 
950,0.8637 
951,0.8680 
952,0.8671 
953,0.8663 
954,0.8641 
955,0.8574 
956,0.8560 
957,0.8563 
958,0.8598 
959,0.8613 
960,0.8673 
961,0.8681 
962,0.8641 
963,0.8652 
964,0.8631 
965,0.8674 
966,0.8728 
967,0.8699 
968,0.8642 
969,0.8606 
970,0.8495 
971,0.8489 
972,0.8469 
973,0.8512 
974,0.8474 
975,0.8439 
976,0.8532 
977,0.8554 
978,0.8683 
979,0.8705 
980,0.8772 
981,0.8755 
982,0.8692 
983,0.8697 
984,0.8718 
985,0.8675 
986,0.8682 
987,0.8705 
988,0.8647 
989,0.8626 
990,0.8513 
991,0.8552 
992,0.8603 
993,0.8634 
994,0.8661 
995,0.8623 
996,0.8667 
997,0.8691 
998,0.8666 
999,0.8611 
1000,0.8610
1001,0.8624 
1002,0.8589 
1003,0.8621 
1004,0.8650 
1005,0.8628 
1006,0.8625 
1007,0.8591 
1008,0.8497 
1009,0.8522 
1010,0.8576 
1011,0.8547 
1012,0.8520 
1013,0.8543 
1014,0.8533 
1015,0.8554 
1016,0.8527 
1017,0.8612 
1018,0.8594 
1019,0.8657 
1020,0.8697 
1021,0.8640 
1022,0.8636 
1023,0.8678 
1024,0.8670 
1025,0.8725 
1026,0.8743 
1027,0.8697 
1028,0.8640 
1029,0.8666 
1030,0.8675 
1031,0.8713 
1032,0.8701 
1033,0.8566 
1034,0.8553 
1035,0.8557 
1036,0.8561 
1037,0.8595 
1038,0.8564 
1039,0.8629 
1040,0.8704 
1041,0.8787 
1042,0.8877 
1043,0.8880 
1044,0.8914 
1045,0.8819 
1046,0.8718 
1047,0.8722 
1048,0.8740 
1049,0.8757 
1050,0.8756 
1051,0.8740 
1052,0.8694 
1053,0.8637 
1054,0.8664 
1055,0.8626 
1056,0.8638 
1057,0.8727 
1058,0.8777 
1059,0.8852 
1060,0.8826 
1061,0.8725 
1062,0.8665 
1063,0.8705 
1064,0.8772 
1065,0.8816 
1066,0.8919 
1067,0.8902 
1068,0.8793 
1069,0.8695 
1070,0.8701 
1071,0.8737 
1072,0.8785 
1073,0.8828 
1074,0.8102 
1075,0.8198 
1076,0.8237 
1077,0.8289 
1078,0.8288 
1079,0.8319 
1080,0.8299 
1081,0.8251 
1082,0.8238 
1083,0.8320 
1084,0.8410 
1085,0.8397 
1086,0.8433 
1087,0.8402 
1088,0.8405 
1089,0.8409 
1090,0.8474 
1091,0.8423 
1092,0.8425 
1093,0.8442 
1094,0.8535 
1095,0.8541 
1096,0.8531 
1097,0.8584 
1098,0.8647 
1099,0.8704
1100,0.8709
1101,0.8588 
1102,0.8620 
1103,0.8711 
1104,0.8762 
1105,0.8761 
1106,0.8822 
1107,0.8815 
1108,0.8683 
1109,0.8659 
1110,0.8668 
1111,0.8614 
1112,0.8612 
1113,0.8594 
1114,0.8625 
1115,0.8575 
1116,0.8515 
1117,0.8476 
1118,0.8519 
1119,0.8464 
1120,0.8430 
1121,0.8462 
1122,0.8600 
1123,0.8615 
1124,0.8675 
1125,0.8714 
1126,0.8733 
1127,0.8829 
1128,0.8852 
1129,0.8873 
1130,0.8892 
1131,0.8862 
1132,0.8773 
1133,0.8708 
1134,0.8650 
1135,0.8519 
1136,0.8511 
1137,0.8472 
1138,0.8547 
1139,0.8567 
1140,0.8648 
1141,0.8674 
1142,0.8713 
1143,0.8717 
1144,0.8720 
1145,0.8645 
1146,0.8624 
1147,0.8668 
1148,0.8739 
1149,0.8771 
1150,0.8800 
1151,0.8811 
1152,0.8711 
1153,0.8652 
1154,0.8600 
1155,0.8505 
1156,0.8561 
1157,0.8580 
1158,0.8675 
1159,0.8683 
1160,0.8705 
1161,0.8522 
1162,0.8513 
1163,0.8521 
1164,0.8607 
1165,0.8668 
1166,0.8739 
1167,0.8787 
1168,0.8861 
1169,0.8881 
1170,0.8884 
1171,0.8886 
1172,0.8888 
1173,0.8827 
1174,0.8835 
1175,0.8827 
1176,0.8882 
1177,0.8868 
1178,0.8825 
1179,0.8787 
1180,0.8720 
1181,0.8801 
1182,0.8718 
1183,0.8690 
1184,0.8712 
1185,0.8731 
1186,0.8764 
1187,0.8810 
1188,0.8866 
1189,0.8886 
1190,0.8825 
1191,0.8818 
1192,0.8733 
1193,0.8672 
1194,0.8649 
1195,0.8737 
1196,0.8785 
1197,0.8797 
1198,0.8761 
1199,0.8698 
1200,0.8672
1201,0.8664 
1202,0.8672 
1203,0.8774 
1204,0.8756 
1205,0.8833 
1206,0.8841 
1207,0.8785 
1208,0.8797 
1209,0.8808 
1210,0.8849 
1211,0.8792 
1212,0.8850 
1213,0.8856 
1214,0.8892 
1215,0.8925 
1216,0.8861 
1217,0.8834 
1218,0.8763 
1219,0.8730 
1220,0.8732 
1221,0.8719 
1222,0.8753 
1223,0.8800 
1224,0.8826 
1225,0.8896 
1226,0.8819 
1227,0.8750 
1228,0.8672 
1229,0.8695 
1230,0.8763 
1231,0.8699 
1232,0.7923 
1233,0.8100 
1234,0.8149 
1235,0.8209 
1236,0.8294 
1237,0.8277 
1238,0.8293 
1239,0.8339 
1240,0.8349 
1241,0.8389 
1242,0.8378 
1243,0.8494 
1244,0.8519 
1245,0.8449 
1246,0.8494 
1247,0.8520 
1248,0.8559 
1249,0.8562 
1250,0.8628 
1251,0.8702 
1252,0.8660 
1253,0.8685 
1254,0.8676 
1255,0.8621 
1256,0.8665
1257,0.8611 
1258,0.8625 
1259,0.8669 
1260,0.8708 
1261,0.8712 
1262,0.8716 
1263,0.8735 
1264,0.8674 
1265,0.8807 
1266,0.8832 
1267,0.8886 
1268,0.8967 
1269,0.8961 
1270,0.8861 
1271,0.8788 
1272,0.8753 
1273,0.8627 
1274,0.8671 
1275,0.8773 
1276,0.8833 
1277,0.8871 
1278,0.8844 
1279,0.8834 
1280,0.8857 
1281,0.8831 
1282,0.8791 
1283,0.8787 
1284,0.8830 
1285,0.8854 
1286,0.8750 
1287,0.8781 
1288,0.8778 
1289,0.8837 
1290,0.8844 
1291,0.8866 
1292,0.8855 
1293,0.8828 
1294,0.8899 
1295,0.8853 
1296,0.8842 
1297,0.8849 
1298,0.8870 
1299,0.8827 
1300,0.8866
1301,0.8808 
1302,0.8911 
1303,0.8895 
1304,0.8896 
1305,0.8928 
1306,0.8911 
1307,0.8879 
1308,0.8819 
1309,0.8781 
1310,0.8794 
1311,0.8883 
1312,0.8932 
1313,0.8883 
1314,0.8854 
1315,0.8750 
1316,0.8797 
1317,0.8761 
1318,0.8838 
1319,0.8891 
1320,0.8893 
1321,0.8910 
1322,0.8910 
1323,0.8894 
1324,0.8910 
1325,0.8941 
1326,0.8891 
1327,0.8892 
1328,0.8894 
1329,0.8926 
1330,0.8924 
1331,0.8813 
1332,0.8776 
1333,0.8773 
1334,0.8786 
1335,0.8767 
1336,0.8734 
1337,0.8829 
1338,0.8837 
1339,0.8813 
1340,0.8807 
1341,0.8801 
1342,0.8811 
1343,0.8774 
1344,0.8740 
1345,0.8757 
1346,0.8709 
1347,0.8713 
1348,0.8655 
1349,0.8680 
1350,0.8718 
1351,0.8752 
1352,0.8783 
1353,0.8686 
1354,0.8677 
1355,0.8606 
1356,0.8605 
1357,0.8635 
1358,0.8678 
1359,0.8732 
1360,0.8640 
1361,0.8604 
1362,0.8619 
1363,0.8616 
1364,0.8723 
1365,0.8742 
1366,0.8727 
1367,0.8589 
1368,0.8573 
1369,0.8622 
1370,0.8604 
1371,0.8603 
1372,0.8618 
1373,0.8693 
1374,0.8730 
1375,0.8779 
1376,0.8823 
1377,0.8753 
1378,0.8722 
1379,0.8678 
1380,0.8591 
1381,0.8545 
1382,0.8549 
1383,0.8616 
1384,0.8723 
1385,0.8773 
1386,0.8833 
1387,0.8856 
1388,0.8814 
1389,0.8730 
1390,0.7966 
1391,0.8107 
1392,0.8156 
1393,0.8168 
1394,0.8289 
1395,0.8398 
1396,0.8511 
1397,0.8582 
1398,0.8661 
1399,0.8764 
1400,0.8840
1401,0.8878 
1402,0.8912 
1403,0.8896 
1404,0.8819 
1405,0.8750 
1406,0.8734 
1407,0.8814 
1408,0.8901 
1409,0.8902 
1410,0.8918 
1411,0.8823 
1412,0.8737 
1413,0.8723
1414,0.8726 
1415,0.8822 
1416,0.8893 
1417,0.8847 
1418,0.8853 
1419,0.8859 
1420,0.8816 
1421,0.8841 
1422,0.8894 
1423,0.9005 
1424,0.8995 
1425,0.8877 
1426,0.8895 
1427,0.8912 
1428,0.8990 
1429,0.8981 
1430,0.8880 
1431,0.8836 
1432,0.8749 
1433,0.8749 
1434,0.8843 
1435,0.8881 
1436,0.8868 
1437,0.8825 
1438,0.8723 
1439,0.8601 
1440,0.8710 
1441,0.8776 
1442,0.8820 
1443,0.8735 
1444,0.8768 
1445,0.8735 
1446,0.8815 
1447,0.8855 
1448,0.8954 
1449,0.8965 
1450,0.8896 
1451,0.8835 
1452,0.8780 
1453,0.8886 
1454,0.8982 
1455,0.9005 
1456,0.8964 
1457,0.8990 
1458,0.8888 
1459,0.8936 
1460,0.8902 
1461,0.8856 
1462,0.8892 
1463,0.8925 
1464,0.8985 
1465,0.8993 
1466,0.8969 
1467,0.8978 
1468,0.8862 
1469,0.8757 
1470,0.8725 
1471,0.8727 
1472,0.8683 
1473,0.8705 
1474,0.8756 
1475,0.8803 
1476,0.8813 
1477,0.8869 
1478,0.8857 
1479,0.8862 
1480,0.8742 
1481,0.8742 
1482,0.8806 
1483,0.8800 
1484,0.8764 
1485,0.8794 
1486,0.8758 
1487,0.8820 
1488,0.8844 
1489,0.8850 
1490,0.8825 
1491,0.8723 
1492,0.8632 
1493,0.8597 
1494,0.8691 
1495,0.8743 
1496,0.8822 
1497,0.8862 
1498,0.8898 
1499,0.8883 
1500,0.8901
1501,0.8870 
1502,0.8749 
1503,0.8764 
1504,0.8685 
1505,0.8660 
1506,0.8638 
1507,0.8633 
1508,0.8676 
1509,0.8746 
1510,0.8731 
1511,0.8780 
1512,0.8730 
1513,0.8763 
1514,0.8731 
1515,0.8764 
1516,0.8762 
1517,0.8730 
1518,0.8794 
1519,0.8852 
1520,0.8936 
1521,0.8964 
1522,0.8943 
1523,0.8986 
1524,0.8947 
1525,0.8943 
1526,0.8908 
1527,0.8970 
1528,0.9011 
1529,0.9078 
1530,0.9046 
1531,0.9016 
1532,0.8958 
1533,0.8984 
1534,0.8945 
1535,0.8894 
1536,0.8896 
1537,0.8944 
1538,0.8909 
1539,0.8861 
1540,0.8928 
1541,0.8879 
1542,0.8835 
1543,0.8842 
1544,0.8817 
1545,0.8826 
1546,0.8787 
1547,0.8846 
1548,0.8055 
1549,0.8172 
1550,0.8308 
1551,0.8399 
1552,0.8543 
1553,0.8595 
1554,0.8626 
1555,0.8592 
1556,0.8623 
1557,0.8667 
1558,0.8675 
1559,0.8636 
1560,0.8710 
1561,0.8745 
1562,0.8808 
1563,0.8787 
1564,0.8861 
1565,0.8913 
1566,0.8865 
1567,0.8869 
1568,0.8888 
1569,0.8922 
1570,0.8920
1571,0.8950 
1572,0.8961 
1573,0.9018 
1574,0.9054 
1575,0.9023 
1576,0.8965 
1577,0.8975 
1578,0.8952 
1579,0.8948 
1580,0.9053 
1581,0.9085 
1582,0.9020 
1583,0.9009 
1584,0.8999 
1585,0.9067 
1586,0.9051 
1587,0.9131 
1588,0.9093 
1589,0.9011 
1590,0.8954 
1591,0.8887 
1592,0.8889 
1593,0.8906 
1594,0.8984 
1595,0.9023 
1596,0.9012 
1597,0.8970 
1598,0.8901 
1599,0.8839 
1600,0.8893
1601,0.8972 
1602,0.9028 
1603,0.8906 
1604,0.8922 
1605,0.8952 
1606,0.8932 
1607,0.8913 
1608,0.8866 
1609,0.8807 
1610,0.8848 
1611,0.8839 
1612,0.8861 
1613,0.8897 
1614,0.8835 
1615,0.8733 
1616,0.8813 
1617,0.8791 
1618,0.8724 
1619,0.8711 
1620,0.8778 
1621,0.8837 
1622,0.8844 
1623,0.8835 
1624,0.8873 
1625,0.8814 
1626,0.8792 
1627,0.8710 
1628,0.8761 
1629,0.8791 
1630,0.8818 
1631,0.8874 
1632,0.8877 
1633,0.8864 
1634,0.8853 
1635,0.8843 
1636,0.8865 
1637,0.8853 
1638,0.8890 
1639,0.8938 
1640,0.8951 
1641,0.8915 
1642,0.8820 
1643,0.8751 
1644,0.8719 
1645,0.8660 
1646,0.8731 
1647,0.8780 
1648,0.8730 
1649,0.8779 
1650,0.8776 
1651,0.8774 
1652,0.8771 
1653,0.8800 
1654,0.8795 
1655,0.8869 
1656,0.8888 
1657,0.8859 
1658,0.8895 
1659,0.8849 
1660,0.8839 
1661,0.8783 
1662,0.8843 
1663,0.8833 
1664,0.8778 
1665,0.8728 
1666,0.8746 
1667,0.8778 
1668,0.8759 
1669,0.8743 
1670,0.8759 
1671,0.8805 
1672,0.8815 
1673,0.8824 
1674,0.8801 
1675,0.8843 
1676,0.8724 
1677,0.8743 
1678,0.8790 
1679,0.8817 
1680,0.8904 
1681,0.8858 
1682,0.8847 
1683,0.8869 
1684,0.8779 
1685,0.8682 
1686,0.8767 
1687,0.8859 
1688,0.8879 
1689,0.8913 
1690,0.8959 
1691,0.8954 
1692,0.8871 
1693,0.8812 
1694,0.8822 
1695,0.8783 
1696,0.8795 
1697,0.8838 
1698,0.8892 
1699,0.8909 
1700,0.8940
1701,0.8905 
1702,0.8843 
1703,0.8787 
1704,0.8705 
1705,0.8772 
1706,0.8035 
1707,0.8154 
1708,0.8198 
1709,0.8300 
1710,0.8329 
1711,0.8387 
1712,0.8439 
1713,0.8501 
1714,0.8464 
1715,0.8555 
1716,0.8574 
1717,0.8623 
1718,0.8683 
1719,0.8767 
1720,0.8750 
1721,0.8719 
1722,0.8691 
1723,0.8619 
1724,0.8616 
1725,0.8598 
1726,0.8582 
1727,0.8568
1728,0.8602 
1729,0.8663 
1730,0.8766 
1731,0.8811 
1732,0.8867 
1733,0.8856 
1734,0.8798 
1735,0.8653 
1736,0.8694 
1737,0.8699 
1738,0.8704 
1739,0.8709 
1740,0.8729 
1741,0.8746 
1742,0.8700 
1743,0.8705 
1744,0.8725 
1745,0.8728 
1746,0.8714 
1747,0.8749 
1748,0.8812 
1749,0.8837 
1750,0.8875 
1751,0.8831 
1752,0.8761 
1753,0.8713 
1754,0.8763 
1755,0.8809 
1756,0.8865 
1757,0.8885 
1758,0.8856 
1759,0.8799 
1760,0.8778 
1761,0.8775 
1762,0.8804 
1763,0.8830 
1764,0.8869 
1765,0.8857 
1766,0.8956 
1767,0.8966 
1768,0.8991 
1769,0.8983 
1770,0.8991 
1771,0.8967 
1772,0.8945 
1773,0.8894 
1774,0.8849 
1775,0.8948 
1776,0.8975 
1777,0.9000 
1778,0.9053 
1779,0.9101 
1780,0.9097 
1781,0.9062 
1782,0.9047 
1783,0.9017 
1784,0.9021 
1785,0.8994 
1786,0.9032 
1787,0.8942 
1788,0.9016 
1789,0.9005 
1790,0.9027 
1791,0.9046 
1792,0.9094 
1793,0.9107 
1794,0.9102 
1795,0.8958 
1796,0.8953 
1797,0.8870 
1798,0.8873 
1799,0.8799 
1800,0.8825
1801,0.8833 
1802,0.8887 
1803,0.8842 
1804,0.8833 
1805,0.8809 
1806,0.8835 
1807,0.8764 
1808,0.8825 
1809,0.8802 
1810,0.8843 
1811,0.8881 
1812,0.8930 
1813,0.8943 
1814,0.8924 
1815,0.8922 
1816,0.8905 
1817,0.8921 
1818,0.8888 
1819,0.8874 
1820,0.8909 
1821,0.8909 
1822,0.8955 
1823,0.8950 
1824,0.8993 
1825,0.9015 
1826,0.9020 
1827,0.8868 
1828,0.8809 
1829,0.8850 
1830,0.8934 
1831,0.8994 
1832,0.9032 
1833,0.9004 
1834,0.8916 
1835,0.8884 
1836,0.8823 
1837,0.8800 
1838,0.8827 
1839,0.8866 
1840,0.8854 
1841,0.8844 
1842,0.8803 
1843,0.8814 
1844,0.8823 
1845,0.8862 
1846,0.8867 
1847,0.8855 
1848,0.8876 
1849,0.8848 
1850,0.8807 
1851,0.8770 
1852,0.8830 
1853,0.8807 
1854,0.8863 
1855,0.8821 
1856,0.8829 
1857,0.8837 
1858,0.8766 
1859,0.8749 
1860,0.8749 
1861,0.8765 
1862,0.8794 
1863,0.8821 
1864,0.8033 
1865,0.8058 
1866,0.8158 
1867,0.8170 
1868,0.8228 
1869,0.8296 
1870,0.8451 
1871,0.8496 
1872,0.8444 
1873,0.8412 
1874,0.8414 
1875,0.8495 
1876,0.8505 
1877,0.8451 
1878,0.8512 
1879,0.8567 
1880,0.8648 
1881,0.8627 
1882,0.8639 
1883,0.8619 
1884,0.8648
1885,0.8705 
1886,0.8709 
1887,0.8745 
1888,0.8808 
1889,0.8802 
1890,0.8766 
1891,0.8764 
1892,0.8809 
1893,0.8819 
1894,0.8781 
1895,0.8856 
1896,0.8845 
1897,0.8961 
1898,0.8971 
1899,0.8933 
1900,0.8946
1901,0.8927 
1902,0.8862 
1903,0.8913 
1904,0.8991 
1905,0.8982 
1906,0.8990 
1907,0.8935 
1908,0.8917 
1909,0.8884 
1910,0.8730 
1911,0.8748 
1912,0.8795 
1913,0.8837 
1914,0.8844 
1915,0.8850 
1916,0.8840 
1917,0.8784 
1918,0.8844 
1919,0.8787 
1920,0.8815 
1921,0.8840 
1922,0.8831 
1923,0.8885 
1924,0.8950 
1925,0.8945 
1926,0.8910 
1927,0.8847 
1928,0.8759 
1929,0.8727 
1930,0.8823 
1931,0.8910 
1932,0.8987 
1933,0.8995 
1934,0.9002 
1935,0.8992 
1936,0.8937 
1937,0.8981 
1938,0.9004 
1939,0.9041 
1940,0.8997 
1941,0.9019 
1942,0.9070 
1943,0.9022 
1944,0.8948 
1945,0.8975 
1946,0.8953 
1947,0.8964 
1948,0.8911 
1949,0.8895 
1950,0.8959 
1951,0.9000 
1952,0.9022 
1953,0.8964 
1954,0.8974 
1955,0.8936 
1956,0.8901 
1957,0.8964 
1958,0.8912 
1959,0.8896 
1960,0.8865 
1961,0.8823 
1962,0.8878 
1963,0.8943 
1964,0.8955 
1965,0.8981 
1966,0.8974 
1967,0.8952 
1968,0.8869 
1969,0.8810 
1970,0.8851 
1971,0.8857 
1972,0.8924 
1973,0.8969 
1974,0.8994 
1975,0.9017 
1976,0.8974 
1977,0.8936 
1978,0.8902 
1979,0.8887 
1980,0.8904 
1981,0.8920 
1982,0.8934 
1983,0.8963 
1984,0.9020 
1985,0.9040 
1986,0.9026 
1987,0.9045 
1988,0.9000 
1989,0.8850 
1990,0.8825 
1991,0.8817 
1992,0.8889 
1993,0.8922 
1994,0.8951 
1995,0.8869 
1996,0.8904 
1997,0.8904 
1998,0.8873 
1999,0.8845 
2000,0.8882
2001,0.8885 
2002,0.8918 
2003,0.8933 
2004,0.8914 
2005,0.8976 
2006,0.8953 
2007,0.9027 
2008,0.8968 
2009,0.8977 
2010,0.8892 
2011,0.8878 
2012,0.8849 
2013,0.8824 
2014,0.8910 
2015,0.8957 
2016,0.9014 
2017,0.8925 
2018,0.8986 
2019,0.9040 
2020,0.8902 
2021,0.8902 
2022,0.8137 
2023,0.8198 
2024,0.8300 
2025,0.8408 
2026,0.8427 
2027,0.8428 
2028,0.8382 
2029,0.8481 
2030,0.8508 
2031,0.8501 
2032,0.8588 
2033,0.8667 
2034,0.8691 
2035,0.8744 
2036,0.8729 
2037,0.8793 
2038,0.8789 
2039,0.8769 
2040,0.8768 
2041,0.8813
2042,0.8869 
2043,0.8888 
2044,0.8953 
2045,0.8854 
2046,0.8906 
2047,0.8875 
2048,0.8909 
2049,0.8878 
2050,0.8849 
2051,0.8886 
2052,0.8857 
2053,0.8909 
2054,0.8893 
2055,0.9004 
2056,0.8947 
2057,0.8912 
2058,0.8817 
2059,0.8795 
2060,0.8775 
2061,0.8757 
2062,0.8834 
2063,0.8888 
2064,0.8875 
2065,0.8909 
2066,0.8987 
2067,0.9041 
2068,0.9090 
2069,0.9025 
2070,0.8935 
2071,0.8963 
2072,0.8880 
2073,0.8788 
2074,0.8785 
2075,0.8797 
2076,0.8886 
2077,0.8903 
2078,0.8935 
2079,0.8917 
2080,0.8947 
2081,0.8974 
2082,0.8920 
2083,0.8794 
2084,0.8727 
2085,0.8776 
2086,0.8820 
2087,0.8751 
2088,0.8813 
2089,0.8823 
2090,0.8800 
2091,0.8888 
2092,0.8922 
2093,0.9014 
2094,0.9065 
2095,0.9003 
2096,0.8837 
2097,0.8891 
2098,0.8892 
2099,0.8925 
2100,0.8985
2101,0.8946 
2102,0.8895 
2103,0.8912 
2104,0.8833 
2105,0.8872 
2106,0.8907 
2107,0.8953 
2108,0.8980 
2109,0.9019 
2110,0.9039 
2111,0.9042 
2112,0.9013 
2113,0.8955 
2114,0.8919 
2115,0.8996 
2116,0.9034 
2117,0.9068 
2118,0.9130 
2119,0.9123 
2120,0.9133 
2121,0.9157 
2122,0.9132 
2123,0.9172 
2124,0.9130 
2125,0.9076 
2126,0.9043 
2127,0.9108 
2128,0.9150 
2129,0.9188 
2130,0.9191 
2131,0.9194 
2132,0.9181 
2133,0.9044 
2134,0.9062 
2135,0.9030 
2136,0.9049 
2137,0.9066 
2138,0.8972 
2139,0.8887 
2140,0.8842 
2141,0.8880 
2142,0.8898 
2143,0.8977 
2144,0.9033 
2145,0.8989 
2146,0.8934 
2147,0.8853 
2148,0.8889 
2149,0.8891 
2150,0.8893 
2151,0.8910 
2152,0.8878 
2153,0.8881 
2154,0.8790 
2155,0.8739 
2156,0.8740 
2157,0.8788 
2158,0.8831 
2159,0.8885 
2160,0.8856 
2161,0.8908 
2162,0.8923 
2163,0.8922 
2164,0.8920 
2165,0.8825 
2166,0.8880 
2167,0.8914 
2168,0.9007 
2169,0.8997 
2170,0.8957 
2171,0.8967 
2172,0.8914 
2173,0.8820 
2174,0.8875 
2175,0.8941 
2176,0.8984 
2177,0.8992 
2178,0.9046 
2179,0.9032 
2180,0.8223 
2181,0.8260 
2182,0.8356 
2183,0.8364 
2184,0.8434 
2185,0.8497 
2186,0.8584 
2187,0.8648 
2188,0.8674 
2189,0.8713 
2190,0.8763 
2191,0.8777 
2192,0.8759 
2193,0.8758 
2194,0.8757 
2195,0.8679 
2196,0.8686 
2197,0.8755 
2198,0.8770
2199,0.8783 
2200,0.8874
2201,0.8861 
2202,0.8897 
2203,0.8851 
2204,0.8935 
2205,0.8901 
2206,0.8870 
2207,0.8889 
2208,0.8922 
2209,0.8967 
2210,0.9024 
2211,0.9075 
2212,0.8980 
2213,0.9019 
2214,0.8930 
2215,0.8912 
2216,0.8942 
2217,0.9001 
2218,0.8976 
2219,0.9000 
2220,0.8929 
2221,0.8958 
2222,0.8859 
2223,0.8817 
2224,0.8841 
2225,0.8941 
2226,0.8969 
2227,0.8885 
2228,0.8793 
2229,0.8726 
2230,0.8776 
2231,0.8726 
2232,0.8791 
2233,0.8834 
2234,0.8810 
2235,0.8819 
2236,0.8859 
2237,0.8973 
2238,0.8982 
2239,0.8943 
2240,0.8893 
2241,0.8894 
2242,0.8895 
2243,0.8959 
2244,0.8954 
2245,0.9027 
2246,0.9046 
2247,0.9032 
2248,0.8957 
2249,0.8983 
2250,0.8960 
2251,0.8970 
2252,0.8917 
2253,0.8885 
2254,0.8902 
2255,0.8918 
2256,0.8886 
2257,0.8904 
2258,0.8951 
2259,0.8946 
2260,0.8942 
2261,0.8861 
2262,0.8896 
2263,0.8819 
2264,0.8859 
2265,0.8911 
2266,0.8988 
2267,0.9027 
2268,0.9062 
2269,0.9062 
2270,0.9093 
2271,0.9075 
2272,0.9058 
2273,0.9043 
2274,0.9060 
2275,0.9092 
2276,0.9104 
2277,0.9147 
2278,0.9201 
2279,0.9109 
2280,0.9073 
2281,0.8994 
2282,0.9032 
2283,0.9082 
2284,0.9127 
2285,0.9152 
2286,0.9221 
2287,0.9174 
2288,0.9069 
2289,0.9100 
2290,0.9111 
2291,0.9122 
2292,0.9147 
2293,0.9123 
2294,0.9070 
2295,0.9054 
2296,0.9008 
2297,0.8982 
2298,0.8959 
2299,0.8891 
2300,0.8893
2301,0.8878 
2302,0.8912 
2303,0.8881 
2304,0.8836 
2305,0.8859 
2306,0.8879 
2307,0.8851 
2308,0.8841 
2309,0.8847 
2310,0.8869 
2311,0.8888 
2312,0.8921 
2313,0.8873 
2314,0.8861 
2315,0.8865 
2316,0.8807 
2317,0.8801 
2318,0.8812 
2319,0.8821 
2320,0.8861 
2321,0.8912 
2322,0.8974 
2323,0.9030 
2324,0.9064 
2325,0.9049 
2326,0.9003 
2327,0.9040 
2328,0.9074 
2329,0.9088 
2330,0.9086 
2331,0.9146 
2332,0.9091 
2333,0.9088 
2334,0.9070 
2335,0.9116 
2336,0.9126 
2337,0.9073 
2338,0.8306 
2339,0.8241 
2340,0.8355 
2341,0.8488 
2342,0.8577 
2343,0.8641 
2344,0.8730 
2345,0.8747 
2346,0.8701 
2347,0.8659 
2348,0.8621 
2349,0.8697 
2350,0.8733 
2351,0.8813 
2352,0.8900 
2353,0.8963 
2354,0.9005 
2355,0.9010
2356,0.8922 
2357,0.8873 
2358,0.8814 
2359,0.8855 
2360,0.8938 
2361,0.8982 
2362,0.9052 
2363,0.9100 
2364,0.9065 
2365,0.9065 
2366,0.9002 
2367,0.9008 
2368,0.9029 
2369,0.9048 
2370,0.9143 
2371,0.9229 
2372,0.9181 
2373,0.9247 
2374,0.9213 
2375,0.9276 
2376,0.9317 
2377,0.9292 
2378,0.9285 
2379,0.9231 
2380,0.9183 
2381,0.9124 
2382,0.9118 
2383,0.9159 
2384,0.9165 
2385,0.9155 
2386,0.9068 
2387,0.9005 
2388,0.9010 
2389,0.9031 
2390,0.9034 
2391,0.9100 
2392,0.9096 
2393,0.9093 
2394,0.8980 
2395,0.8957 
2396,0.8983 
2397,0.9038 
2398,0.9072 
2399,0.9055 
2400,0.9087
2401,0.9038 
2402,0.8915 
2403,0.8914 
2404,0.8929 
2405,0.8943 
2406,0.9001 
2407,0.9039 
2408,0.9072 
2409,0.9103 
2410,0.9099 
2411,0.9064 
2412,0.8970 
2413,0.8979 
2414,0.8925 
2415,0.8923 
2416,0.8906 
2417,0.8921 
2418,0.8998 
2419,0.9020 
2420,0.8946 
2421,0.8911 
2422,0.8973 
2423,0.8982 
2424,0.8959 
2425,0.9000 
2426,0.9069 
2427,0.9147 
2428,0.9169 
2429,0.9174 
2430,0.9132 
2431,0.9062 
2432,0.9016 
2433,0.8942 
2434,0.8907 
2435,0.8954 
2436,0.9059 
2437,0.9075 
2438,0.9089 
2439,0.9086 
2440,0.9037 
2441,0.8993 
2442,0.9000 
2443,0.8975 
2444,0.8984 
2445,0.8976 
2446,0.9031 
2447,0.9050 
2448,0.9114 
2449,0.9109 
2450,0.9073 
2451,0.9119 
2452,0.9035 
2453,0.9069 
2454,0.9021 
2455,0.9010 
2456,0.9031 
2457,0.9003 
2458,0.8931 
2459,0.8913 
2460,0.8959 
2461,0.8969 
2462,0.9057 
2463,0.9073 
2464,0.8962 
2465,0.8910 
2466,0.8894 
2467,0.8848 
2468,0.8823 
2469,0.8878 
2470,0.8850 
2471,0.8949 
2472,0.8945 
2473,0.9003 
2474,0.9025 
2475,0.9029 
2476,0.9032 
2477,0.8988 
2478,0.9011 
2479,0.9032 
2480,0.9051 
2481,0.9083 
2482,0.9128 
2483,0.9090 
2484,0.9025 
2485,0.9044 
2486,0.9077 
2487,0.9138 
2488,0.9178 
2489,0.9088 
2490,0.9039 
2491,0.9025 
2492,0.9029 
2493,0.9048 
2494,0.9003 
2495,0.8977 
2496,0.8158 
2497,0.8295 
2498,0.8434 
2499,0.8528 
2500,0.8644
2501,0.8749 
2502,0.8749 
2503,0.8718 
2504,0.8721 
2505,0.8708 
2506,0.8759 
2507,0.8821 
2508,0.8892 
2509,0.8940 
2510,0.8968 
2511,0.9024 
2512,0.8934
2513,0.8932 
2514,0.8929 
2515,0.8942 
2516,0.8970 
2517,0.9026 
2518,0.9030 
2519,0.9096 
2520,0.9108 
2521,0.9088 
2522,0.9179 
2523,0.9120 
2524,0.9146 
2525,0.9122 
2526,0.9163 
2527,0.9122 
2528,0.8959 
2529,0.8938 
2530,0.8982 
2531,0.9021 
2532,0.9104 
2533,0.9100 
2534,0.9096 
2535,0.9014 
2536,0.9066 
2537,0.9113 
2538,0.9154 
2539,0.9130 
2540,0.9076 
2541,0.9075 
2542,0.8995 
2543,0.9018 
2544,0.9053 
2545,0.9054 
2546,0.9133 
2547,0.9095 
2548,0.9029 
2549,0.8923 
2550,0.8984 
2551,0.8992 
2552,0.9030 
2553,0.9033 
2554,0.9036 
2555,0.9086 
2556,0.9052 
2557,0.8975 
2558,0.8921 
2559,0.8873 
2560,0.8829 
2561,0.8884 
2562,0.8886 
2563,0.8951 
2564,0.8931 
2565,0.8944 
2566,0.8940 
2567,0.8984 
2568,0.8976 
2569,0.8969 
2570,0.9025 
2571,0.9091 
2572,0.9104 
2573,0.9162 
2574,0.9199 
2575,0.9154 
2576,0.9036 
2577,0.8992 
2578,0.8999 
2579,0.9052 
2580,0.8991 
2581,0.9013 
2582,0.9065 
2583,0.9096 
2584,0.9093 
2585,0.9137 
2586,0.9098 
2587,0.9079 
2588,0.9062 
2589,0.8952 
2590,0.8995 
2591,0.8954 
2592,0.8918 
2593,0.8995 
2594,0.9049 
2595,0.9113 
2596,0.9076 
2597,0.9028 
2598,0.9000 
2599,0.9022 
2600,0.9026
2601,0.9045 
2602,0.8969 
2603,0.8947 
2604,0.8865 
2605,0.8853 
2606,0.8827 
2607,0.8882 
2608,0.8916 
2609,0.8931 
2610,0.8912 
2611,0.8849 
2612,0.8886 
2613,0.8935 
2614,0.8870 
2615,0.8920 
2616,0.8903 
2617,0.8966 
2618,0.8944 
2619,0.8988 
2620,0.8933 
2621,0.8899 
2622,0.8790 
2623,0.8849 
2624,0.8854 
2625,0.8938 
2626,0.8997 
2627,0.9050 
2628,0.9036 
2629,0.9023 
2630,0.8933 
2631,0.8962 
2632,0.8987 
2633,0.9042 
2634,0.9060 
2635,0.9122 
2636,0.9148 
2637,0.9045 
2638,0.9000 
2639,0.8944 
2640,0.8878 
2641,0.8881 
2642,0.8852 
2643,0.8951 
2644,0.8962 
2645,0.9003 
2646,0.9025 
2647,0.9044 
2648,0.9062 
2649,0.9031 
2650,0.9003 
2651,0.8930 
2652,0.8756 
2653,0.8865 
2654,0.8072 
2655,0.8156 
2656,0.8309 
2657,0.8431 
2658,0.8479 
2659,0.8584 
2660,0.8647 
2661,0.8673 
2662,0.8618 
2663,0.8460 
2664,0.8411 
2665,0.8445 
2666,0.8522 
2667,0.8623 
2668,0.8729 
2669,0.8810
2670,0.8866 
2671,0.8870 
2672,0.8827 
2673,0.8850 
2674,0.8793 
2675,0.8742 
2676,0.8681 
2677,0.8781 
2678,0.8887 
2679,0.8921 
2680,0.8966 
2681,0.9007 
2682,0.8981 
2683,0.8896 
2684,0.8881 
2685,0.8915 
2686,0.8898 
2687,0.9009 
2688,0.9030 
2689,0.9033 
2690,0.9036 
2691,0.9085 
2692,0.8942 
2693,0.8970 
2694,0.9042 
2695,0.9060 
2696,0.9044 
2697,0.9062 
2698,0.9093 
2699,0.9059 
2700,0.9090
2701,0.9103 
2702,0.9099 
2703,0.9095 
2704,0.9077 
2705,0.9091 
2706,0.9104 
2707,0.9115 
2708,0.9094 
2709,0.9091 
2710,0.9119 
2711,0.9098 
2712,0.9063 
2713,0.9079 
2714,0.9108 
2715,0.9104 
2716,0.9068 
2717,0.9068 
2718,0.9036 
2719,0.9054 
2720,0.9055 
2721,0.9056 
2722,0.9072 
2723,0.9134 
2724,0.9158 
2725,0.9117 
2726,0.9096 
2727,0.9061 
2728,0.9061 
2729,0.9077 
2730,0.9107 
2731,0.9118 
2732,0.9113 
2733,0.9139 
2734,0.9100 
2735,0.9096 
2736,0.9140 
2737,0.9194 
2738,0.9181 
2739,0.9138 
2740,0.9068 
2741,0.9099 
2742,0.9095 
2743,0.9092 
2744,0.9167 
2745,0.9157 
2746,0.9085 
2747,0.9004 
2748,0.9073 
2749,0.9087 
2750,0.9100 
2751,0.9065 
2752,0.9034 
2753,0.9084 
2754,0.9113 
2755,0.9108 
2756,0.9056 
2757,0.9026 
2758,0.9029 
2759,0.8986 
2760,0.8931 
2761,0.8928 
2762,0.8942 
2763,0.8954 
2764,0.8965 
2765,0.8975 
2766,0.8890 
2767,0.8907 
2768,0.8922 
2769,0.8936 
2770,0.8933 
2771,0.8931 
2772,0.8881 
2773,0.8946 
2774,0.8896 
2775,0.8850 
2776,0.8793 
2777,0.8820 
2778,0.8813 
2779,0.8838 
2780,0.8829 
2781,0.8774 
2782,0.8834 
2783,0.8795 
2784,0.8806 
2785,0.8800 
2786,0.8842 
2787,0.8895 
2788,0.8896 
2789,0.8866 
2790,0.8855 
2791,0.8891 
2792,0.8877 
2793,0.8817 
2794,0.8811 
2795,0.8851 
2796,0.8935 
2797,0.9026 
2798,0.9108 
2799,0.9072 
2800,0.9087
2801,0.9053 
2802,0.9101 
2803,0.9050 
2804,0.8911 
2805,0.8957 
2806,0.9015 
2807,0.9004 
2808,0.9103 
2809,0.9146 
2810,0.9153 
2811,0.9113 
2812,0.8311 
2813,0.8324 
2814,0.8335 
2815,0.8392 
2816,0.8444 
2817,0.8490 
2818,0.8594 
2819,0.8547 
2820,0.8677 
2821,0.8700 
2822,0.8736 
2823,0.8831 
2824,0.8901 
2825,0.8902 
2826,0.8887
2827,0.8857 
2828,0.8909 
2829,0.8940 
2830,0.8937 
2831,0.8996 
2832,0.9034 
2833,0.8959 
2834,0.8907 
2835,0.8875 
2836,0.8863 
2837,0.8820 
2838,0.8813 
2839,0.8901 
2840,0.8886 
2841,0.8950 
2842,0.8899 
2843,0.8931 
2844,0.8975 
2845,0.9015 
2846,0.9004 
2847,0.9026 
2848,0.9061 
2849,0.9061 
2850,0.9092 
2851,0.9074 
2852,0.9041 
2853,0.9028 
2854,0.9063 
2855,0.9047 
2856,0.9002 
2857,0.8961 
2858,0.8955 
2859,0.9013 
2860,0.9065 
2861,0.9080 
2862,0.8969 
2863,0.8932 
2864,0.8976 
2865,0.8891 
2866,0.8970 
2867,0.9011 
2868,0.9094 
2869,0.9122 
2870,0.9148 
2871,0.9123 
2872,0.9008 
2873,0.8951 
2874,0.8993 
2875,0.9063 
2876,0.9047 
2877,0.8970 
2878,0.8964 
2879,0.9005 
2880,0.8980 
2881,0.9035 
2882,0.9053 
2883,0.9007 
2884,0.8982 
2885,0.8990 
2886,0.8966 
2887,0.9022 
2888,0.9026 
2889,0.8967 
2890,0.8883 
2891,0.8854 
2892,0.8953 
2893,0.9027 
2894,0.9077 
2895,0.9013 
2896,0.8987 
2897,0.8901 
2898,0.8948 
2899,0.8975 
2900,0.8984
2901,0.8992 
2902,0.8983 
2903,0.8944 
2904,0.8972 
2905,0.8965 
2906,0.8944 
2907,0.8971 
2908,0.8902 
2909,0.8809 
2910,0.8803 
2911,0.8782 
2912,0.8638 
2913,0.8696 
2914,0.8702 
2915,0.8738 
2916,0.8770 
2917,0.8846 
2918,0.8852 
2919,0.8873 
2920,0.8892 
2921,0.8956 
2922,0.8982 
2923,0.9006 
2924,0.9027 
2925,0.8968 
2926,0.8915 
2927,0.8867 
2928,0.8856 
2929,0.8892 
2930,0.8893 
2931,0.8926 
2932,0.8924 
2933,0.8938 
2934,0.8966 
2935,0.9038 
2936,0.9009 
2937,0.9015 
2938,0.8973 
2939,0.8997 
2940,0.8941 
2941,0.9031 
2942,0.9050 
2943,0.9036 
2944,0.9054 
2945,0.9039 
2946,0.9088 
2947,0.9039 
2948,0.9026 
2949,0.9029 
2950,0.9095 
2951,0.9123 
2952,0.9133 
2953,0.9141 
2954,0.9212 
2955,0.9181 
2956,0.9169 
2957,0.9159 
2958,0.9196 
2959,0.9229 
2960,0.9166 
2961,0.9124 
2962,0.9118 
2963,0.9081 
2964,0.9032 
2965,0.9051 
2966,0.9099 
2967,0.9127 
2968,0.9152 
2969,0.9111 
2970,0.8310 
2971,0.8369 
2972,0.8392 
2973,0.8396 
2974,0.8479 
2975,0.8553 
2976,0.8650 
2977,0.8739 
2978,0.8755 
2979,0.8817 
2980,0.8842 
2981,0.8770 
2982,0.8815 
2983,0.8871
2984,0.8890 
2985,0.8892 
2986,0.8924 
2987,0.8907 
2988,0.8985 
2989,0.9024 
2990,0.9059 
2991,0.9106 
2992,0.9086 
2993,0.9053 
2994,0.9022 
2995,0.9026 
2996,0.9077 
2997,0.8997 
2998,0.8926 
2999,0.8939 
3000,0.8983
3001,0.8944 
3002,0.8987 
3003,0.8963 
3004,0.8973 
3005,0.8998 
3006,0.9036 
3007,0.9038 
3008,0.9072 
3009,0.9087 
3010,0.9115 
3011,0.9048 
3012,0.9002 
3013,0.9024 
3014,0.8981 
3015,0.8973 
3016,0.8982 
3017,0.9022 
3018,0.9073 
3019,0.9072 
3020,0.9071 
3021,0.9023 
3022,0.9027 
3023,0.9030 
3024,0.8940 
3025,0.9030 
3026,0.9080 
3027,0.8985 
3028,0.8946 
3029,0.8911 
3030,0.8910 
3031,0.8957 
3032,0.8952 
3033,0.8994 
3034,0.9016 
3035,0.8974 
3036,0.8983 
3037,0.8913 
3038,0.8928 
3039,0.8941 
3040,0.8969 
3041,0.9010 
3042,0.9015 
3043,0.9004 
3044,0.8916 
3045,0.8915 
3046,0.8899 
3047,0.8868 
3048,0.8934 
3049,0.8978 
3050,0.8909 
3051,0.8924 
3052,0.8938 
3053,0.8919 
3054,0.8902 
3055,0.8903 
3056,0.8966 
3057,0.9038 
3058,0.8978 
3059,0.8939 
3060,0.8998 
3061,0.8942 
3062,0.8923 
3063,0.8906 
3064,0.8859 
3065,0.8817 
3066,0.8857 
3067,0.8878 
3068,0.8849 
3069,0.8855 
3070,0.8876 
3071,0.8910 
3072,0.8941 
3073,0.8984 
3074,0.8992 
3075,0.9030 
3076,0.9049 
3077,0.9019 
3078,0.9039 
3079,0.9057 
3080,0.9105 
3081,0.9038 
3082,0.9056 
3083,0.9072 
3084,0.9056 
3085,0.9088 
3086,0.9101 
3087,0.9066 
3088,0.9081 
3089,0.9063 
3090,0.9095 
3091,0.9107 
3092,0.9134 
3093,0.9174 
3094,0.9194 
3095,0.9196 
3096,0.9105 
3097,0.9069 
3098,0.9069 
3099,0.9052 
3100,0.9069
3101,0.9100 
3102,0.9096 
3103,0.9108 
3104,0.9057 
3105,0.9057 
3106,0.9027 
3107,0.8968 
3108,0.8868 
3109,0.8840 
3110,0.8925 
3111,0.8986 
3112,0.9040 
3113,0.9058 
3114,0.9090 
3115,0.8978 
3116,0.8908 
3117,0.8877 
3118,0.8958 
3119,0.9046 
3120,0.9095 
3121,0.9076 
3122,0.9012 
3123,0.9017 
3124,0.9037 
3125,0.9024 
3126,0.9075 
3127,0.9121 
3128,0.8333 
3129,0.8422 
3130,0.8533 
3131,0.8602 
3132,0.8648 
3133,0.8689 
3134,0.8758 
3135,0.8788 
3136,0.8816 
3137,0.8809 
3138,0.8725 
3139,0.8712 
3140,0.8684
3141,0.8754 
3142,0.8784 
3143,0.8797 
3144,0.8776 
3145,0.8774 
3146,0.8834 
3147,0.8857 
3148,0.8893 
3149,0.8910 
3150,0.8941 
3151,0.8984 
3152,0.9023 
3153,0.9105 
3154,0.9132 
3155,0.9110 
3156,0.9011 
3157,0.9001 
3158,0.9007 
3159,0.9059 
3160,0.9153 
3161,0.9176 
3162,0.9102 
3163,0.9098 
3164,0.9079 
3165,0.9061 
3166,0.9030 
3167,0.9096 
3168,0.9140 
3169,0.9210 
3170,0.9195 
3171,0.9182 
3172,0.9092 
3173,0.9136 
3174,0.9128 
3175,0.9091 
3176,0.9135 
3177,0.9174 
3178,0.9085 
3179,0.9098 
3180,0.9126 
3181,0.9073 
3182,0.9119 
3183,0.9097 
3184,0.9110 
3185,0.9152 
3186,0.9127 
3187,0.9105 
3188,0.9132 
3189,0.9063 
3190,0.9047 
3191,0.9033 
3192,0.9020 
3193,0.9040 
3194,0.9089 
3195,0.9008 
3196,0.9014 
3197,0.9066 
3198,0.9034 
3199,0.9084 
3200,0.9097
3201,0.9125 
3202,0.9181 
3203,0.9201 
3204,0.9171 
3205,0.9145 
3206,0.9090 
3207,0.9040 
3208,0.9042 
3209,0.9091 
3210,0.9104 
3211,0.9147 
3212,0.9138 
3213,0.9131 
3214,0.9139 
3215,0.9116 
3216,0.9158 
3217,0.9195 
3218,0.9213 
3219,0.9089 
3220,0.9055 
3221,0.9040 
3222,0.8995 
3223,0.8971 
3224,0.9027 
3225,0.9015 
3226,0.9066 
3227,0.8988 
3228,0.8980 
3229,0.8972 
3230,0.8981 
3231,0.8989 
3232,0.8981 
3233,0.9005 
3234,0.8979 
3235,0.9003 
3236,0.8978 
3237,0.9033 
3238,0.9036 
3239,0.9101 
3240,0.9113 
3241,0.9155 
3242,0.9177 
3243,0.9150 
3244,0.9063 
3245,0.8954 
3246,0.8871 
3247,0.8906 
3248,0.8984 
3249,0.9070 
3250,0.9116 
3251,0.9142 
3252,0.9087 
3253,0.9022 
3254,0.8979 
3255,0.9034 
3256,0.9115 
3257,0.9188 
3258,0.9222 
3259,0.9253 
3260,0.9250 
3261,0.9231 
3262,0.9183 
3263,0.9202 
3264,0.9220 
3265,0.9188 
3266,0.9207 
3267,0.9239 
3268,0.9253 
3269,0.9249 
3270,0.9246 
3271,0.9197 
3272,0.9136 
3273,0.9067 
3274,0.9144 
3275,0.9058 
3276,0.9012 
3277,0.8923 
3278,0.8984 
3279,0.9007 
3280,0.9044 
3281,0.8999 
3282,0.8943 
3283,0.8970 
3284,0.9042 
3285,0.9060 
3286,0.8263 
3287,0.8312 
3288,0.8403 
3289,0.8515 
3290,0.8523 
3291,0.8577 
3292,0.8657 
3293,0.8729 
3294,0.8762 
3295,0.8777 
3296,0.8836 
3297,0.8843
3298,0.8834 
3299,0.8810 
3300,0.8867
3301,0.8933 
3302,0.8883 
3303,0.8870 
3304,0.8889 
3305,0.8922 
3306,0.8983 
3307,0.8991 
3308,0.9061 
3309,0.9061 
3310,0.9092 
3311,0.9074 
3312,0.9104 
3313,0.9100 
3314,0.9158 
3315,0.9055 
3316,0.9025 
3317,0.8997 
3318,0.8972 
3319,0.9075 
3320,0.9090 
3321,0.9149 
3322,0.9109 
3323,0.9089 
3324,0.9071 
3325,0.9148 
3326,0.9155 
3327,0.9115 
3328,0.9047 
3329,0.9048 
3330,0.9034 
3331,0.9021 
3332,0.9057 
3333,0.9073 
3334,0.9025 
3335,0.8998 
3336,0.9067 
3337,0.9113 
3338,0.9139 
3339,0.9163 
3340,0.9200 
3341,0.9155 
3342,0.9005 
3343,0.9089 
3344,0.9133 
3345,0.9204 
3346,0.9190 
3347,0.9130 
3348,0.9092 
3349,0.9105 
3350,0.9116 
3351,0.9111 
3352,0.9153 
3353,0.9160 
3354,0.9150 
3355,0.9125 
3356,0.9104 
3357,0.9084 
3358,0.9129 
3359,0.9122 
3360,0.9116 
3361,0.9158 
3362,0.9195 
3363,0.9150 
3364,0.9095 
3365,0.9107 
3366,0.9103 
3367,0.9177 
3368,0.9165 
3369,0.9014 
3370,0.8972 
3371,0.8997 
3372,0.9082 
3373,0.9095 
3374,0.9092 
3375,0.9105 
3376,0.9116 
3377,0.9048 
3378,0.9081 
3379,0.9079 
3380,0.9140 
3381,0.9179 
3382,0.9246 
3383,0.9227 
3384,0.9211 
3385,0.9165 
3386,0.9123 
3387,0.9117 
3388,0.9112 
3389,0.9091 
3390,0.9026 
3391,0.8951 
3392,0.8994 
3393,0.8938 
3394,0.8888 
3395,0.8905 
3396,0.8937 
3397,0.8965 
3398,0.9022 
3399,0.9041 
3400,0.9059
3401,0.9013 
3402,0.8971 
3403,0.8917 
3404,0.8947 
3405,0.8975 
3406,0.8999 
3407,0.9068 
3408,0.9067 
3409,0.9020 
3410,0.8962 
3411,0.8878 
3412,0.8850 
3413,0.8949 
3414,0.9007 
3415,0.9044 
3416,0.9093 
3417,0.9152 
3418,0.9128 
3419,0.9152 
3420,0.9097 
3421,0.9062 
3422,0.9062 
3423,0.9124 
3424,0.9165 
3425,0.9155 
3426,0.9193 
3427,0.9180 
3428,0.9058 
3429,0.8918 
3430,0.8886 
3431,0.8919 
3432,0.8980 
3433,0.8973 
3434,0.8982 
3435,0.9037 
3436,0.9024 
3437,0.9043 
3438,0.8983 
3439,0.8991 
3440,0.9013 
3441,0.9003 
3442,0.9024 
3443,0.9028 
3444,0.8297 
3445,0.8452 
3446,0.8591 
3447,0.8638 
3448,0.8712 
3449,0.8794 
3450,0.8711 
3451,0.8778 
3452,0.8791 
3453,0.8755 
3454,0.8817
3455,0.8889 
3456,0.8922 
3457,0.9014 
3458,0.9081 
3459,0.9064 
3460,0.9079 
3461,0.9046 
3462,0.9064 
3463,0.9032 
3464,0.9035 
3465,0.9069 
3466,0.9131 
3467,0.9140 
3468,0.9085 
3469,0.9083 
3470,0.9112 
3471,0.9138 
3472,0.9193 
3473,0.9258 
3474,0.9286 
3475,0.9295 
3476,0.9365 
3477,0.9366 
3478,0.9305 
3479,0.9265 
3480,0.9260 
3481,0.9287 
3482,0.9280 
3483,0.9321 
3484,0.9311 
3485,0.9302 
3486,0.9293 
3487,0.9208 
3488,0.9240 
3489,0.9285 
3490,0.9309 
3491,0.9347 
3492,0.9334 
3493,0.9307 
3494,0.9267 
3495,0.9200 
3496,0.9202 
3497,0.9172 
3498,0.9146 
3499,0.9137 
3500,0.9130
3501,0.9061 
3502,0.9076 
3503,0.9137 
3504,0.9177 
3505,0.9165 
3506,0.9140 
3507,0.9116 
3508,0.9095 
3509,0.9014 
3510,0.8972 
3511,0.8981 
3512,0.9036 
3513,0.9054 
3514,0.8993 
3515,0.9062 
3516,0.9031 
3517,0.9003 
3518,0.9009 
3519,0.8936 
3520,0.8902 
3521,0.8933 
3522,0.8993 
3523,0.9000 
3524,0.9006 
3525,0.9059 
3526,0.9059 
3527,0.9044 
3528,0.9030 
3529,0.9096 
3530,0.9061 
3531,0.9124 
3532,0.9165 
3533,0.9123 
3534,0.9117 
3535,0.9096 
3536,0.9061 
3537,0.9030 
3538,0.9002 
3539,0.9040 
3540,0.9104 
3541,0.9147 
3542,0.9154 
3543,0.9145 
3544,0.9121 
3545,0.9084 
3546,0.9035 
3547,0.9069 
3548,0.9162 
3549,0.9152 
3550,0.9174 
3551,0.9163 
3552,0.9169 
3553,0.9143 
3554,0.9119 
3555,0.9145 
3556,0.9168 
3557,0.9095 
3558,0.9060 
3559,0.9107 
3560,0.9165 
3561,0.9202 
3562,0.9235 
3563,0.9264 
3564,0.9213 
3565,0.9135 
3566,0.9159 
3567,0.9150 
3568,0.9125 
3569,0.9088 
3570,0.9117 
3571,0.9064 
3572,0.9048 
3573,0.9112 
3574,0.9139 
3575,0.9162 
3576,0.9121 
3577,0.9100 
3578,0.9065 
3579,0.9096 
3580,0.9108 
3581,0.9119 
3582,0.9082 
3583,0.9049 
3584,0.9003 
3585,0.8994 
3586,0.8985 
3587,0.9008 
3588,0.9014 
3589,0.9019 
3590,0.9007 
3591,0.8950 
3592,0.8915 
3593,0.8930 
3594,0.8912 
3595,0.8989 
3596,0.9028 
3597,0.9109 
3598,0.9120 
3599,0.9130 
3600,0.9076
3601,0.9013 
3602,0.8174 
3603,0.8294 
3604,0.8418 
3605,0.8451 
3606,0.8575 
3607,0.8670 
3608,0.8678 
3609,0.8764 
3610,0.8809 
3611,0.8803
3612,0.8845 
3613,0.8882 
3614,0.8900 
3615,0.8854 
3616,0.8843 
3617,0.8897 
3618,0.8944 
3619,0.8956 
3620,0.8983 
3621,0.9022 
3622,0.9010 
3623,0.9031 
3624,0.9097 
3625,0.9125 
3626,0.9150 
3627,0.9141 
3628,0.9086 
3629,0.9099 
3630,0.9127 
3631,0.9105 
3632,0.9101 
3633,0.9066 
3634,0.8972 
3635,0.9012 
3636,0.9111 
3637,0.9184 
3638,0.9125 
3639,0.9166 
3640,0.9108 
3641,0.9041 
3642,0.9012 
3643,0.9048 
3644,0.9050 
3645,0.9082 
3646,0.9112 
3647,0.9107 
3648,0.9024 
3649,0.9012 
3650,0.9033 
3651,0.9052 
3652,0.9084 
3653,0.9144 
3654,0.9152 
3655,0.9143 
3656,0.9088 
3657,0.9070 
3658,0.9038 
3659,0.9040 
3660,0.9074 
3661,0.9135 
3662,0.9159 
3663,0.9165 
3664,0.9202 
3665,0.9172 
3666,0.9130 
3667,0.9186 
3668,0.9142 
3669,0.9150 
3670,0.9125 
3671,0.9135 
3672,0.9096 
3673,0.9062 
3674,0.9077 
3675,0.9138 
3676,0.9131 
3677,0.9077 
3678,0.9076 
3679,0.9027 
3680,0.9047 
3681,0.8986 
3682,0.8946 
3683,0.8989 
3684,0.8997 
3685,0.9003 
3686,0.9025 
3687,0.8904 
3688,0.8841 
3689,0.8801 
3690,0.8874 
3691,0.8893 
3692,0.8957 
3693,0.8952 
3694,0.8978 
3695,0.8987 
3696,0.8947 
3697,0.8818 
3698,0.8890 
3699,0.8969 
3700,0.8963
3701,0.8895 
3702,0.8959 
3703,0.9000 
3704,0.9053 
3705,0.9054 
3706,0.9102 
3707,0.9129 
3708,0.9091 
3709,0.8948 
3710,0.8959 
3711,0.8954 
3712,0.8996 
3713,0.9034 
3714,0.9068 
3715,0.9068 
3716,0.8973 
3717,0.8904 
3718,0.8951 
3719,0.9040 
3720,0.9074 
3721,0.9088 
3722,0.9086 
3723,0.9052 
3724,0.9038 
3725,0.9009 
3726,0.9077 
3727,0.9091 
3728,0.9072 
3729,0.9040 
3730,0.9058 
3731,0.8980 
3732,0.8973 
3733,0.9013 
3734,0.8940 
3735,0.8921 
3736,0.8935 
3737,0.8979 
3738,0.9050 
3739,0.9129 
3740,0.9201 
3741,0.9093 
3742,0.9043 
3743,0.9030 
3744,0.9017 
3745,0.9084 
3746,0.9129 
3747,0.9169 
3748,0.9190 
3749,0.9177 
3750,0.9212 
3751,0.9182 
3752,0.9154 
3753,0.9129 
3754,0.9154 
3755,0.9145 
3756,0.9137 
3757,0.9098 
3758,0.9094 
3759,0.9138 
3760,0.8287 
3761,0.8411 
3762,0.8476 
3763,0.8535 
3764,0.8572 
3765,0.8543 
3766,0.8517 
3767,0.8462 
3768,0.8506
3769,0.8546 
3770,0.8629 
3771,0.8641 
3772,0.8730 
3773,0.8795 
3774,0.8822 
3775,0.8893 
3776,0.8878 
3777,0.8959 
3778,0.9001 
3779,0.9038 
3780,0.8994 
3781,0.8969 
3782,0.8979 
3783,0.8956 
3784,0.8982 
3785,0.9006 
3786,0.9027 
3787,0.9093 
3788,0.9106 
3789,0.9148 
3790,0.9124 
3791,0.9118 
3792,0.9019 
3793,0.9117 
3794,0.9143 
3795,0.9150 
3796,0.9188 
3797,0.9129 
3798,0.9075 
3799,0.8980 
3800,0.8957
3801,0.9046 
3802,0.9110 
3803,0.9183 
3804,0.9171 
3805,0.9098 
3806,0.9126 
3807,0.9151 
3808,0.9189 
3809,0.9239 
3810,0.9252 
3811,0.9311 
3812,0.9271 
3813,0.9203 
3814,0.9205 
3815,0.9190 
3816,0.9225 
3817,0.9224 
3818,0.9270 
3819,0.9218 
3820,0.9203 
3821,0.9173 
3822,0.9084 
3823,0.9097 
3824,0.9000 
3825,0.8944 
3826,0.8862 
3827,0.8866 
3828,0.8902 
3829,0.8918 
3830,0.8979 
3831,0.8894 
3832,0.8879 
3833,0.8882 
3834,0.8884 
3835,0.8871 
3836,0.8828 
3837,0.8929 
3838,0.8927 
3839,0.8909 
3840,0.8878 
3841,0.8849 
3842,0.8824 
3843,0.8770 
3844,0.8752 
3845,0.8814 
3846,0.8808 
3847,0.8833 
3848,0.8887 
3849,0.8952 
3850,0.8979 
3851,0.9003 
3852,0.8977 
3853,0.9048 
3854,0.9034 
3855,0.9053 
3856,0.9085 
3857,0.9051 
3858,0.9099 
3859,0.9143 
3860,0.9197 
3861,0.9184 
3862,0.9187 
3863,0.9175 
3864,0.9148 
3865,0.9014 
3866,0.9019 
3867,0.9102 
3868,0.9129 
3869,0.9091 
3870,0.9151 
3871,0.9204 
3872,0.9221 
3873,0.9237 
3874,0.9266 
3875,0.9261 
3876,0.9304 
3877,0.9264 
3878,0.9182 
3879,0.9185 
3880,0.9173 
3881,0.9193 
3882,0.9180 
3883,0.9184 
3884,0.9125 
3885,0.9009 
3886,0.9030 
3887,0.9080 
3888,0.9094 
3889,0.9091 
3890,0.9041 
3891,0.8997 
3892,0.8972 
3893,0.9028 
3894,0.9078 
3895,0.9045 
3896,0.9016 
3897,0.9005 
3898,0.9042 
3899,0.9106 
3900,0.9133
3901,0.9173 
3902,0.9209 
3903,0.9147 
3904,0.9123 
3905,0.9195 
3906,0.9245 
3907,0.9273 
3908,0.9221 
3909,0.9143 
3910,0.9135 
3911,0.9112 
3912,0.9169 
3913,0.9205 
3914,0.9191 
3915,0.9163 
3916,0.9090 
3917,0.9087 
3918,0.8241 
3919,0.8355 
3920,0.8441 
3921,0.8566 
3922,0.8631 
3923,0.8690 
3924,0.8774 
3925,0.8803
3926,0.8844 
3927,0.8866 
3928,0.8917 
3929,0.8947 
3930,0.8990 
3931,0.8997 
3932,0.9051 
3933,0.9005 
3934,0.9011 
3935,0.9063 
3936,0.9078 
3937,0.9046 
3938,0.9063 
3939,0.9078 
3940,0.9108 
3941,0.9104 
3942,0.9084 
3943,0.9066 
3944,0.9081 
3945,0.9033 
3946,0.9036 
3947,0.9007 
3948,0.9013 
3949,0.9049 
3950,0.9019 
3951,0.9055 
3952,0.9008 
3953,0.9029 
3954,0.9002 
3955,0.9008 
3956,0.9029 
3957,0.9095 
3958,0.9029 
3959,0.9079 
3960,0.9062 
3961,0.9031 
3962,0.9065 
3963,0.9127 
3964,0.9136 
3965,0.9082 
3966,0.9002 
3967,0.9055 
3968,0.9087 
3969,0.9116 
3970,0.9126 
3971,0.9167 
3972,0.9203 
3973,0.9142 
3974,0.9150 
3975,0.9172 
3976,0.9239 
3977,0.9269 
3978,0.9279 
3979,0.9273 
3980,0.9283 
3981,0.9183 
3982,0.9124 
3983,0.9118 
3984,0.9144 
3985,0.9198 
3986,0.9231 
3987,0.9261 
3988,0.9242 
3989,0.9208 
3990,0.9147 
3991,0.9185 
3992,0.9251 
3993,0.9248 
3994,0.9260 
3995,0.9209 
3996,0.9163 
3997,0.9153 
3998,0.9160 
3999,0.9150 
4000,0.9141
4001,0.9196 
4002,0.9245 
4003,0.9258 
4004,0.9192 
4005,0.9132 
4006,0.9094 
4007,0.9137 
4008,0.9146 
4009,0.9106 
4010,0.8930 
4011,0.8896 
4012,0.8897 
4013,0.8961 
4014,0.9002 
4015,0.9055 
4016,0.9056 
4017,0.8978 
4018,0.8940 
4019,0.8921 
4020,0.8951 
4021,0.8946 
4022,0.8911 
4023,0.8989 
4024,0.9027 
4025,0.9015 
4026,0.8973 
4027,0.8935 
4028,0.8979 
4029,0.8972 
4030,0.9059 
4031,0.9059 
4032,0.9060 
4033,0.9029 
4034,0.9079 
4035,0.9124 
4036,0.9196 
4037,0.9183 
4038,0.9186 
4039,0.9174 
4040,0.9194 
4041,0.9150 
4042,0.9172 
4043,0.9130 
4044,0.9170 
4045,0.9206 
4046,0.9176 
4047,0.9149 
4048,0.9109 
4049,0.9152 
4050,0.9111 
4051,0.9013 
4052,0.9033 
4053,0.9021 
4054,0.9087 
4055,0.9147 
4056,0.9061 
4057,0.9061 
4058,0.9077 
4059,0.9075 
4060,0.9043 
4061,0.9092 
4062,0.9011 
4063,0.9016 
4064,0.9036 
4065,0.9086 
4066,0.9115 
4067,0.9156 
4068,0.9194 
4069,0.9134 
4070,0.9064 
4071,0.9017 
4072,0.9068 
4073,0.9115 
4074,0.9141 
4075,0.9086 
4076,0.8302 
4077,0.8285 
4078,0.8425 
4079,0.8582 
4080,0.8662 
4081,0.8717 
4082,0.8658
4083,0.8667 
4084,0.8676 
4085,0.8636 
4086,0.8663 
4087,0.8750 
4088,0.8734 
4089,0.8767 
4090,0.8844 
4091,0.8928 
4092,0.8957 
4093,0.9014 
4094,0.9082 
4095,0.9064 
4096,0.9048 
4097,0.9034 
4098,0.8959 
4099,0.8922 
4100,0.8952
4101,0.9026 
4102,0.9029 
4103,0.9048 
4104,0.9050 
4105,0.9082 
4106,0.9127 
4107,0.9136 
4108,0.9098 
4109,0.9063 
4110,0.9110 
4111,0.9105 
4112,0.9148 
4113,0.9186 
4114,0.9205 
4115,0.9238 
4116,0.9173 
4117,0.9115 
4118,0.9063 
4119,0.9032 
4120,0.9019 
4121,0.8992 
4122,0.9031 
4123,0.9049 
4124,0.9082 
4125,0.9064 
4126,0.9095 
4127,0.9108 
4128,0.9134 
4129,0.9174 
4130,0.9194 
4131,0.9212 
4132,0.9150 
4133,0.9079 
4134,0.9093 
4135,0.9090 
4136,0.9119 
4137,0.9175 
4138,0.9195 
4139,0.9260 
4140,0.9256 
4141,0.9205 
4142,0.9066 
4143,0.8988 
4144,0.8995 
4145,0.8955 
4146,0.8950 
4147,0.8977 
4148,0.9017 
4149,0.9084 
4150,0.9097 
4151,0.9156 
4152,0.9116 
4153,0.9064 
4154,0.9079 
4155,0.9077 
4156,0.9045 
4157,0.8984 
4158,0.9039 
4159,0.9104 
4160,0.9146 
4161,0.9185 
4162,0.9219 
4163,0.9173 
4164,0.9068 
4165,0.9020 
4166,0.8993 
4167,0.9031 
4168,0.9113 
4169,0.9170 
4170,0.9206 
4171,0.9208 
4172,0.9177 
4173,0.9103 
4174,0.9006 
4175,0.8964 
4176,0.8959 
4177,0.8969 
4178,0.9025 
4179,0.9091 
4180,0.9182 
4181,0.9202 
4182,0.9141 
4183,0.9180 
4184,0.9106 
4185,0.9086 
4186,0.9083 
4187,0.9097 
4188,0.9140 
4189,0.9148 
4190,0.9186 
4191,0.9158 
4192,0.9008 
4193,0.8998 
4194,0.9083 
4195,0.9127 
4196,0.9199 
4197,0.9185 
4198,0.9220 
4199,0.9173 
4200,0.9084
4201,0.9050 
4202,0.8958 
4203,0.9015 
4204,0.9082 
4205,0.9112 
4206,0.9169 
4207,0.9190 
4208,0.9177 
4209,0.9166 
4210,0.9046 
4211,0.8954 
4212,0.8965 
4213,0.9006 
4214,0.9058 
4215,0.9074 
4216,0.9151 
4217,0.9205 
4218,0.9238 
4219,0.9189 
4220,0.9114 
4221,0.9062 
4222,0.8968 
4223,0.9024 
4224,0.9091 
4225,0.9072 
4226,0.9009 
4227,0.8983 
4228,0.8960 
4229,0.9001 
4230,0.8960 
4231,0.8971 
4232,0.9011 
4233,0.9047 
4234,0.8268 
4235,0.8363 
4236,0.8339 
4237,0.8380 
4238,0.8433 
4239,0.8464
4240,0.8493 
4241,0.8597 
4242,0.8675 
4243,0.8745 
4244,0.8808 
4245,0.8849 
4246,0.8870 
4247,0.8905 
4248,0.8921 
4249,0.8966 
4250,0.8991 
4251,0.8999 
4252,0.9036 
4253,0.9054 
4254,0.9040 
4255,0.9042 
4256,0.9060 
4257,0.9076 
4258,0.9090 
4259,0.9165 
4260,0.9092 
4261,0.9027 
4262,0.9015 
4263,0.9035 
4264,0.9069 
4265,0.9084 
4266,0.8926 
4267,0.8971 
4268,0.9011 
4269,0.9094 
4270,0.9107 
4271,0.9056 
4272,0.9025 
4273,0.9013 
4274,0.9002 
4275,0.9040 
4276,0.9042 
4277,0.9075 
4278,0.9136 
4279,0.9160 
4280,0.9166 
4281,0.9187 
4282,0.9159 
4283,0.9134 
4284,0.9127 
4285,0.9089 
4286,0.9086 
4287,0.9131 
4288,0.9140 
4289,0.9210 
4290,0.9211 
4291,0.9180 
4292,0.9169 
4293,0.9174 
4294,0.9084 
4295,0.9129 
4296,0.9169 
4297,0.9221 
4298,0.9283 
4299,0.9214 
4300,0.9230
4301,0.9136 
4302,0.9113 
4303,0.9123 
4304,0.9117 
4305,0.9174 
4306,0.9163 
4307,0.9231 
4308,0.9277 
4309,0.9287 
4310,0.9295 
4311,0.9350 
4312,0.9290 
4313,0.9252 
4314,0.9264 
4315,0.9166 
4316,0.9202 
4317,0.9142 
4318,0.9134 
4319,0.9205 
4320,0.9175 
4321,0.9179 
4322,0.9152 
4323,0.9127 
4324,0.9152 
4325,0.9128 
4326,0.9059 
4327,0.9090 
4328,0.9087 
4329,0.9101 
4330,0.9144 
4331,0.9120 
4332,0.9005 
4333,0.8995 
4334,0.9002 
4335,0.8961 
4336,0.8955 
4337,0.8982 
4338,0.9005 
4339,0.9011 
4340,0.8985 
4341,0.8946 
4342,0.8958 
4343,0.8999 
4344,0.8928 
4345,0.8925 
4346,0.8908 
4347,0.8939 
4348,0.8983 
4349,0.9022 
4350,0.9088 
4351,0.9086 
4352,0.9021 
4353,0.8947 
4354,0.9037 
4355,0.9055 
4356,0.9103 
4357,0.9099 
4358,0.9111 
4359,0.9074 
4360,0.9026 
4361,0.8983 
4362,0.8975 
4363,0.9015 
4364,0.9036 
4365,0.9070 
4366,0.9085 
4367,0.9082 
4368,0.9080 
4369,0.9047 
4370,0.9080 
4371,0.9063 
4372,0.9000 
4373,0.9022 
4374,0.9073 
4375,0.9103 
4376,0.9099 
4377,0.9127 
4378,0.9136 
4379,0.9175 
4380,0.9149 
4381,0.9109 
4382,0.9088 
4383,0.9055 
4384,0.9087 
4385,0.9162 
4386,0.9199 
4387,0.9170 
4388,0.9159 
4389,0.9150 
4390,0.9172 
4391,0.9083 
4392,0.9081 
4393,0.9095 
4394,0.9138 
4395,0.9100 
4396,0.9143
4397,0.9135 
4398,0.9096 
4399,0.9124 
4400,0.9087
4401,0.9131 
4402,0.9156 
4403,0.9099 
4404,0.9096 
4405,0.9108 
4406,0.9057 
4407,0.9088 
4408,0.9133 
4409,0.9110 
4410,0.9121 
4411,0.9178 
4412,0.9166 
4413,0.9203 
4414,0.9110 
4415,0.9153 
4416,0.9144 
4417,0.9135 
4418,0.9081 
4419,0.9126 
4420,0.9182 
4421,0.9217 
4422,0.9249 
4423,0.9277 
4424,0.9162 
4425,0.9183 
4426,0.9202 
4427,0.9173 
4428,0.9193 
4429,0.9149 
4430,0.9140 
4431,0.9132 
4432,0.9141 
4433,0.9196 
4434,0.9151 
4435,0.9189 
4436,0.9192 
4437,0.9132 
4438,0.9063 
4439,0.8969 
4440,0.8947 
4441,0.9005 
4442,0.9074 
4443,0.9151 
4444,0.9157 
4445,0.9132 
4446,0.8985 
4447,0.8993 
4448,0.9046 
4449,0.9142 
4450,0.9212 
4451,0.9166 
4452,0.9109 
4453,0.8979 
4454,0.8987 
4455,0.9026 
4456,0.9092 
4457,0.9136 
4458,0.9176 
4459,0.9211 
4460,0.9243 
4461,0.9241 
4462,0.9160 
4463,0.9166 
4464,0.9187 
4465,0.9237 
4466,0.9235 
4467,0.9281 
4468,0.9212 
4469,0.9150 
4470,0.9079 
4471,0.9030 
4472,0.9002 
4473,0.9040 
4474,0.9042 
4475,0.9075 
4476,0.9043 
4477,0.8966 
4478,0.9054 
4479,0.9008 
4480,0.9014 
4481,0.8987 
4482,0.9057 
4483,0.9089 
4484,0.9133 
4485,0.9189 
4486,0.9223 
4487,0.9207 
4488,0.9177 
4489,0.9087 
4490,0.9132 
4491,0.9094 
4492,0.9122 
4493,0.9178 
4494,0.9198 
4495,0.9231 
4496,0.9230 
4497,0.9213 
4498,0.9214 
4499,0.9058 
4500,0.9058
4501,0.9028 
4502,0.8984 
4503,0.9023 
4504,0.9043 
4505,0.8998 
4506,0.9036 
4507,0.9070 
4508,0.9069 
4509,0.9021 
4510,0.9041 
4511,0.9074 
4512,0.9136 
4513,0.9144 
4514,0.9105 
4515,0.9054 
4516,0.9023 
4517,0.8933 
4518,0.8993 
4519,0.9031 
4520,0.9128 
4521,0.9215 
4522,0.9200 
4523,0.9202 
4524,0.9157 
4525,0.9085 
4526,0.9020 
4527,0.8962 
4528,0.8925 
4529,0.8923 
4530,0.9015 
4531,0.9114 
4532,0.9077 
4533,0.9060 
4534,0.9060 
4535,0.9092 
4536,0.9105 
4537,0.9147 
4538,0.9170 
4539,0.9191 
4540,0.9162 
4541,0.9152 
4542,0.9096 
4543,0.8984 
4544,0.8991 
4545,0.8967 
4546,0.9024 
4547,0.9074 
4548,0.9120 
4549,0.9083 
4550,0.8269 
4551,0.8317 
4552,0.8313 
4553,0.8435
4554,0.8513 
4555,0.8553 
4556,0.8682 
4557,0.8782 
4558,0.8873 
4559,0.8861 
4560,0.8849 
4561,0.8871 
4562,0.8874 
4563,0.8831 
4564,0.8869 
4565,0.8936 
4566,0.8964 
4567,0.9005 
4568,0.9042 
4569,0.8966 
4570,0.8976 
4571,0.8984 
4572,0.8930 
4573,0.8896 
4574,0.8960 
4575,0.8985 
4576,0.9009 
4577,0.9045 
4578,0.9047 
4579,0.9080 
4580,0.9125 
4581,0.9088 
4582,0.9054 
4583,0.9086 
4584,0.8990 
4585,0.8997 
4586,0.9035 
4587,0.8991 
4588,0.9029 
4589,0.9001 
4590,0.9054 
4591,0.9024 
4592,0.9059 
4593,0.9106 
4594,0.9149 
4595,0.9140 
4596,0.9117 
4597,0.9127 
4598,0.9136 
4599,0.9129 
4600,0.9106
4601,0.9118 
4602,0.9128 
4603,0.9106 
4604,0.9086 
4605,0.9068 
4606,0.9052 
4607,0.9068 
4608,0.9068 
4609,0.9083 
4610,0.9018 
4611,0.8976 
4612,0.8938 
4613,0.8935 
4614,0.8963 
4615,0.9051 
4616,0.9021 
4617,0.8994 
4618,0.9048 
4619,0.9049 
4620,0.9050 
4621,0.9052 
4622,0.9068 
4623,0.9083 
4624,0.9144 
4625,0.9167 
4626,0.9125 
4627,0.9072 
4628,0.9024 
4629,0.9028 
4630,0.9094 
4631,0.9169 
4632,0.9236 
4633,0.9250 
4634,0.9294 
4635,0.9302 
4636,0.9231 
4637,0.9168 
4638,0.9126 
4639,0.9151 
4640,0.9158 
4641,0.9179 
4642,0.9168 
4643,0.9157 
4644,0.9163 
4645,0.9106 
4646,0.9086 
4647,0.9146 
4648,0.9201 
4649,0.9140 
4650,0.9148 
4651,0.9186 
4652,0.9205 
4653,0.9206 
4654,0.9114 
4655,0.9156 
4656,0.9115 
4657,0.9172 
4658,0.9208 
4659,0.9272 
4660,0.9235 
4661,0.9218 
4662,0.9140 
4663,0.9070 
4664,0.9053 
4665,0.9117 
4666,0.9143 
4667,0.9213 
4668,0.9198 
4669,0.9169 
4670,0.9064 
4671,0.9111 
4672,0.9075 
4673,0.9074 
4674,0.8932 
4675,0.8929 
4676,0.8943 
4677,0.8955 
4678,0.8997 
4679,0.9050 
4680,0.9083 
4681,0.9096 
4682,0.9062 
4683,0.9030 
4684,0.9049 
4685,0.9019 
4686,0.8961 
4687,0.8909 
4688,0.8893 
4689,0.8941 
4690,0.9000 
4691,0.8991 
4692,0.8967 
4693,0.8992 
4694,0.8968 
4695,0.8946 
4696,0.9004 
4697,0.9042 
4698,0.9012 
4699,0.9064 
4700,0.9033
4701,0.9005 
4702,0.8979 
4703,0.9019 
4704,0.9023 
4705,0.9058 
4706,0.9059 
4707,0.9106 
4708,0.8305 
4709,0.8396 
4710,0.8557
