1,0.0000 
2,0.0422 
3,0.1994 
4,0.1905 
5,0.1235 
6,0.1446 
7,0.2359 
8,0.2175 
9,0.2512 
10,0.2584 
11,0.1804 
12,0.1977 
13,0.2000 
14,0.2524 
15,0.2270 
16,0.2708 
17,0.2746 
18,0.2769 
19,0.2419 
20,0.2445 
21,0.2462 
22,0.2661 
23,0.2750 
24,0.2592 
25,0.2610 
26,0.2994 
27,0.3068 
28,0.3199 
29,0.3333 
30,0.3284 
31,0.3608 
32,0.3605 
33,0.3499 
34,0.3654 
35,0.3641 
36,0.3791 
37,0.3689 
38,0.3640 
39,0.3841 
40,0.4117 
41,0.4135 
42,0.4347 
43,0.4435 
44,0.4397 
45,0.4287 
46,0.4172 
47,0.4103 
48,0.4071 
49,0.4021 
50,0.4003 
51,0.4012 
52,0.3902 
53,0.3926 
54,0.4218 
55,0.4240 
56,0.4193 
57,0.4067 
58,0.4130 
59,0.4226 
60,0.4184 
61,0.4229 
62,0.4228 
63,0.4227 
64,0.4265 
65,0.4259 
66,0.4235 
67,0.4233 
68,0.4324 
69,0.4421 
70,0.4470 
71,0.4530 
72,0.4460 
73,0.4520 
74,0.4556 
75,0.4468 
76,0.4458 
77,0.4416 
78,0.4510 
79,0.4545 
80,0.4495 
81,0.4499 
82,0.4455 
83,0.4354 
84,0.4340 
85,0.4344 
86,0.4269 
87,0.4264 
88,0.4353 
89,0.4449 
90,0.4457 
91,0.4558 
92,0.4509 
93,0.4589 
94,0.4661 
95,0.4836 
96,0.4837 
97,0.4759 
98,0.4752 
99,0.4824 
100,0.4888
101,0.4931 
102,0.4922 
103,0.4774 
104,0.4765 
105,0.4663 
106,0.4775 
107,0.4876 
108,0.4904 
109,0.4913 
110,0.4953 
111,0.4942 
112,0.4979 
113,0.5060 
114,0.5038 
115,0.4940 
116,0.4993 
117,0.4931 
118,0.4891 
119,0.4965 
120,0.4968 
121,0.4971 
122,0.5052 
123,0.5094 
124,0.5085 
125,0.5076 
126,0.4709 
127,0.4738 
128,0.4796 
129,0.4910 
130,0.4919 
131,0.5005 
132,0.5005 
133,0.4942 
134,0.4947 
135,0.5015 
136,0.5061 
137,0.5023 
138,0.4990 
139,0.5053 
140,0.5064 
141,0.5057 
142,0.5176 
143,0.5299 
144,0.5316 
145,0.5347 
146,0.5344 
147,0.5481 
148,0.5496 
149,0.5602 
150,0.5589 
151,0.5655 
152,0.5746 
153,0.5796 
154,0.5763 
155,0.5609 
156,0.5673 
157,0.5637
158,0.5761 
159,0.5935 
160,0.5873 
161,0.5848 
162,0.5810 
163,0.5760 
164,0.5669 
165,0.5633 
166,0.5585 
167,0.5605 
168,0.5638 
169,0.5559 
170,0.5550 
171,0.5682 
172,0.5708 
173,0.5793 
174,0.5730 
175,0.5750 
176,0.5644 
177,0.5720 
178,0.5804 
179,0.5802 
180,0.5784 
181,0.5753 
182,0.5787 
183,0.5771 
184,0.5819 
185,0.5784 
186,0.5752 
187,0.5724 
188,0.5714 
189,0.5674 
190,0.5763 
191,0.5608 
192,0.5501 
193,0.5404 
194,0.5504 
195,0.5500 
196,0.5528 
197,0.5601 
198,0.5650 
199,0.5601 
200,0.5572
201,0.5640 
202,0.5685 
203,0.5679 
204,0.5642 
205,0.5625 
206,0.5656 
207,0.5716 
208,0.5832 
209,0.5858 
210,0.5850 
211,0.5890 
212,0.5989 
213,0.5952 
214,0.5966 
215,0.6026 
216,0.6017 
217,0.5994 
218,0.6019 
219,0.6042 
220,0.6204 
221,0.6286 
222,0.6080 
223,0.5987 
224,0.5935 
225,0.5983 
226,0.5962 
227,0.5960 
228,0.6051 
229,0.6024 
230,0.6063 
231,0.6066 
232,0.6147 
233,0.6141 
234,0.6168 
235,0.6207 
236,0.6118 
237,0.6178 
238,0.6201 
239,0.6128 
240,0.6155 
241,0.6118 
242,0.6053 
243,0.6120 
244,0.6086 
245,0.6087 
246,0.6025 
247,0.6016 
248,0.6180 
249,0.6140 
250,0.6167 
251,0.6300 
252,0.6342 
253,0.6364 
254,0.6306 
255,0.6238 
256,0.6176 
257,0.6231 
258,0.6154 
259,0.6070 
260,0.6010 
261,0.5940 
262,0.5987 
263,0.6076 
264,0.5999 
265,0.6087 
266,0.6135 
267,0.6193 
268,0.6230 
269,0.6169 
270,0.6256 
271,0.6286 
272,0.6314 
273,0.6308 
274,0.6349 
275,0.6401 
276,0.6480 
277,0.6473 
278,0.6403 
279,0.6451 
280,0.6321 
281,0.6298 
282,0.6278 
283,0.6306 
284,0.5738 
285,0.5868 
286,0.5937 
287,0.5953 
288,0.6045 
289,0.6144 
290,0.6123 
291,0.6151 
292,0.6192 
293,0.6167 
294,0.6160 
295,0.6278 
296,0.6275 
297,0.6241 
298,0.6227 
299,0.6307 
300,0.6380
301,0.6413 
302,0.6335 
303,0.6326 
304,0.6334 
305,0.6388 
306,0.6374 
307,0.6331 
308,0.6338 
309,0.6501 
310,0.6507 
311,0.6513 
312,0.6440 
313,0.6405 
314,0.6390
315,0.6329 
316,0.6258 
317,0.6258 
318,0.6272 
319,0.6208 
320,0.6259 
321,0.6211 
322,0.6277 
323,0.6228 
324,0.6339 
325,0.6299 
326,0.6326 
327,0.6318 
328,0.6358 
329,0.6347 
330,0.6322 
331,0.6424 
332,0.6438 
333,0.6497 
334,0.6519 
335,0.6555 
336,0.6462 
337,0.6456 
338,0.6530 
339,0.6564 
340,0.6580 
341,0.6547 
342,0.6595 
343,0.6514 
344,0.6519 
345,0.6585 
346,0.6521 
347,0.6478 
348,0.6455 
349,0.6403 
350,0.6466 
351,0.6445 
352,0.6472 
353,0.6497 
354,0.6534 
355,0.6522 
356,0.6432 
357,0.6367 
358,0.6418 
359,0.6479 
360,0.6503 
361,0.6478 
362,0.6471 
363,0.6574 
364,0.6572 
365,0.6556 
366,0.6603 
367,0.6521 
368,0.6510 
369,0.6515 
370,0.6488 
371,0.6418 
372,0.6526 
373,0.6483 
374,0.6616 
375,0.6517 
376,0.6552 
377,0.6569 
378,0.6615 
379,0.6641 
380,0.6540 
381,0.6542 
382,0.6497 
383,0.6535 
384,0.6413 
385,0.6428 
386,0.6394 
387,0.6458 
388,0.6500 
389,0.6475 
390,0.6437 
391,0.6402 
392,0.6387 
393,0.6420 
394,0.6434 
395,0.6354 
396,0.6421 
397,0.6451 
398,0.6478 
399,0.6486 
400,0.6400
401,0.6416 
402,0.6400 
403,0.6510 
404,0.6562 
405,0.6468 
406,0.6431 
407,0.6491 
408,0.6639 
409,0.6678 
410,0.6729 
411,0.6712 
412,0.6666 
413,0.6687 
414,0.6612 
415,0.6638 
416,0.6568 
417,0.6599 
418,0.6626 
419,0.6620 
420,0.6599 
421,0.6564 
422,0.6642 
423,0.6618 
424,0.6753 
425,0.6781 
426,0.6712 
427,0.6822 
428,0.6812 
429,0.6803 
430,0.6701 
431,0.6734 
432,0.6763 
433,0.6728 
434,0.6821 
435,0.6888 
436,0.6950 
437,0.6911 
438,0.6970 
439,0.6992 
440,0.7074 
441,0.7132 
442,0.6466 
443,0.6475 
444,0.6343 
445,0.6303 
446,0.6329 
447,0.6290 
448,0.6208 
449,0.6227 
450,0.6308 
451,0.6396 
452,0.6428 
453,0.6442 
454,0.6563 
455,0.6704 
456,0.6721 
457,0.6689 
458,0.6645 
459,0.6637 
460,0.6723 
461,0.6723 
462,0.6832 
463,0.6883 
464,0.6851 
465,0.6807 
466,0.6829 
467,0.6959 
468,0.6997 
469,0.7079 
470,0.6933 
471,0.6912
472,0.6830 
473,0.6881 
474,0.6943 
475,0.6874 
476,0.6733 
477,0.6732 
478,0.6652 
479,0.6722 
480,0.6753 
481,0.6749 
482,0.6715 
483,0.6809 
484,0.6847 
485,0.6850 
486,0.6774 
487,0.6831 
488,0.6789 
489,0.6860 
490,0.6908 
491,0.6842 
492,0.6814 
493,0.6680 
494,0.6668 
495,0.6782 
496,0.6839 
497,0.6842 
498,0.6908 
499,0.6905 
500,0.7011
501,0.6966 
502,0.7035 
503,0.7050 
504,0.6970 
505,0.7070 
506,0.7066 
507,0.6985 
508,0.7036 
509,0.6989 
510,0.6884 
511,0.6820 
512,0.6826 
513,0.6784 
514,0.6840 
515,0.6828 
516,0.6786 
517,0.6732 
518,0.6856 
519,0.6717 
520,0.6764 
521,0.6791 
522,0.6815 
523,0.6836 
524,0.6872 
525,0.6825 
526,0.6768 
527,0.6700 
528,0.6733 
529,0.6669 
530,0.6768 
531,0.6701 
532,0.6781 
533,0.6806 
534,0.6859 
535,0.6892 
536,0.6969 
537,0.7006 
538,0.7087 
539,0.7081 
540,0.7201 
541,0.7215 
542,0.7228 
543,0.7224 
544,0.7267 
545,0.7306 
546,0.7279 
547,0.7301 
548,0.7274 
549,0.7234 
550,0.7151 
551,0.7092 
552,0.6961 
553,0.7000 
554,0.6925 
555,0.6966 
556,0.6973 
557,0.7010 
558,0.6903 
559,0.6947 
560,0.6940 
561,0.6964 
562,0.6909 
563,0.6921 
564,0.6916 
565,0.6943 
566,0.6890 
567,0.6951 
568,0.6834 
569,0.6916 
570,0.6881 
571,0.6911 
572,0.6876 
573,0.6908 
574,0.6920 
575,0.6915 
576,0.6943 
577,0.6920 
578,0.7025 
579,0.7041 
580,0.7025 
581,0.7010 
582,0.7074 
583,0.7117 
584,0.7093 
585,0.7118 
586,0.7172 
587,0.7095 
588,0.7042 
589,0.7072 
590,0.7146 
591,0.7119 
592,0.7157 
593,0.7145 
594,0.7086 
595,0.7143 
596,0.7132 
597,0.7106 
598,0.7068 
599,0.7064 
600,0.6483
601,0.6569 
602,0.6506 
603,0.6527 
604,0.6624 
605,0.6696 
606,0.6761 
607,0.6944 
608,0.6906 
609,0.6903 
610,0.6822 
611,0.6780 
612,0.6837 
613,0.6809 
614,0.6753 
615,0.6922 
616,0.6855 
617,0.6935 
618,0.6866 
619,0.6898 
620,0.6943 
621,0.6874 
622,0.6952 
623,0.6960 
624,0.6904 
625,0.6948 
626,0.6988 
627,0.6899 
628,0.6881
629,0.6849 
630,0.6836 
631,0.6933 
632,0.7053 
633,0.7222 
634,0.7250 
635,0.7259 
636,0.7237 
637,0.7232 
638,0.7212 
639,0.7225 
640,0.7346 
641,0.7283 
642,0.7258 
643,0.7267 
644,0.7118 
645,0.7156 
646,0.7066 
647,0.7109 
648,0.7164 
649,0.7104 
650,0.7050 
651,0.7001 
652,0.7098 
653,0.7075 
654,0.7087 
655,0.7237 
656,0.7279 
657,0.7301 
658,0.7274 
659,0.7250 
660,0.7212 
661,0.7241 
662,0.7220 
663,0.7139 
664,0.7081 
665,0.7061 
666,0.7073 
667,0.6991 
668,0.6979 
669,0.7031 
670,0.6906 
671,0.6950 
672,0.6880 
673,0.6926 
674,0.6953 
675,0.6992 
676,0.7074 
677,0.7023 
678,0.7086 
679,0.7159 
680,0.7162 
681,0.7149 
682,0.7199 
683,0.7182 
684,0.7167 
685,0.7154 
686,0.7048 
687,0.7015 
688,0.7016 
689,0.7002 
690,0.7068 
691,0.7111 
692,0.7056 
693,0.7116 
694,0.7123 
695,0.7067 
696,0.7032 
697,0.7032 
698,0.7032 
699,0.7079 
700,0.6996
701,0.6937 
702,0.6868 
703,0.6900 
704,0.6835 
705,0.6855 
706,0.6857 
707,0.6906 
708,0.6965 
709,0.7018 
710,0.7051 
711,0.7096 
712,0.7136 
713,0.7188 
714,0.7251 
715,0.7291 
716,0.7281 
717,0.7240 
718,0.7251 
719,0.7197 
720,0.7181 
721,0.7213 
722,0.7163 
723,0.7228 
724,0.7240 
725,0.7328 
726,0.7267 
727,0.7228 
728,0.7240 
729,0.7125 
730,0.7163 
731,0.7071 
732,0.7036 
733,0.7051 
734,0.7002 
735,0.6958 
736,0.7091 
737,0.7069 
738,0.7081 
739,0.7076 
740,0.7071 
741,0.7036 
742,0.7083 
743,0.7031 
744,0.7093 
745,0.7040 
746,0.7102 
747,0.7157 
748,0.7191 
749,0.7269 
750,0.7324 
751,0.7388 
752,0.7399 
753,0.7409 
754,0.7512 
755,0.7495 
756,0.7449 
757,0.7501 
758,0.6829 
759,0.6865 
760,0.6928 
761,0.6970 
762,0.6929 
763,0.7017 
764,0.6941 
765,0.6965 
766,0.6972 
767,0.7009 
768,0.7058 
769,0.7196 
770,0.7242 
771,0.7143 
772,0.7054 
773,0.7098 
774,0.7201 
775,0.7153 
776,0.7078 
777,0.7105 
778,0.7035 
779,0.7003 
780,0.6912 
781,0.6909 
782,0.6921 
783,0.6901 
784,0.6992 
785,0.6996
786,0.7124 
787,0.7115 
788,0.7138 
789,0.7127 
790,0.7164 
791,0.7073 
792,0.7147 
793,0.7057 
794,0.6992 
795,0.7074 
796,0.7132 
797,0.7107 
798,0.7084 
799,0.7156 
800,0.7175
801,0.7239 
802,0.7281 
803,0.7318 
804,0.7289 
805,0.7264 
806,0.7272 
807,0.7295 
808,0.7221 
809,0.7187 
810,0.7218 
811,0.7246 
812,0.7272 
813,0.7294 
814,0.7315 
815,0.7318 
816,0.7352 
817,0.7398 
818,0.7392 
819,0.7372 
820,0.7291 
821,0.7187 
822,0.7234 
823,0.7198 
824,0.7197 
825,0.7290 
826,0.7248 
827,0.7195 
828,0.7101 
829,0.7031 
830,0.7063 
831,0.7106 
832,0.7177 
833,0.7225 
834,0.7174 
835,0.7191 
836,0.7191 
837,0.7144 
838,0.7085 
839,0.7002 
840,0.6989 
841,0.6978 
842,0.6968 
843,0.6896 
844,0.6909 
845,0.6937 
846,0.6993 
847,0.7013 
848,0.6983 
849,0.7051 
850,0.7033 
851,0.6986 
852,0.6991 
853,0.7088 
854,0.7098 
855,0.7092 
856,0.7101 
857,0.7188 
858,0.7079 
859,0.7058 
860,0.6993 
861,0.6997 
862,0.7016 
863,0.7127 
864,0.7070 
865,0.7113 
866,0.7183 
867,0.7168 
868,0.7201 
869,0.7215 
870,0.7135 
871,0.7187 
872,0.7421 
873,0.7429 
874,0.7467 
875,0.7533 
876,0.7514 
877,0.7497 
878,0.7357 
879,0.7371 
880,0.7243 
881,0.7269 
882,0.7152 
883,0.7186 
884,0.7202 
885,0.7201 
886,0.7231 
887,0.7320 
888,0.7385 
889,0.7350 
890,0.7286 
891,0.7261 
892,0.7332 
893,0.7349 
894,0.7364 
895,0.7393 
896,0.7404 
897,0.7335 
898,0.7289 
899,0.7295 
900,0.7331
901,0.7348 
902,0.7394 
903,0.7389 
904,0.7431 
905,0.7376 
906,0.7466 
907,0.7454 
908,0.7537 
909,0.7408 
910,0.7480 
911,0.7497 
912,0.7529 
913,0.7557 
914,0.7552 
915,0.7546 
916,0.6948 
917,0.6972 
918,0.6962 
919,0.7000 
920,0.7050 
921,0.7111 
922,0.7056 
923,0.7007 
924,0.7025 
925,0.7072 
926,0.7053 
927,0.7113 
928,0.7120 
929,0.7127 
930,0.7086 
931,0.7065 
932,0.7015 
933,0.6970 
934,0.6851 
935,0.6744 
936,0.6804 
937,0.6905 
938,0.6964 
939,0.6955 
940,0.7104 
941,0.7128 
942,0.7227
943,0.7208 
944,0.7284 
945,0.7259 
946,0.7267 
947,0.7259 
948,0.7158 
949,0.7067 
950,0.7142 
951,0.7271 
952,0.7310 
953,0.7220 
954,0.7232 
955,0.7134 
956,0.7233 
957,0.7369 
958,0.7382 
959,0.7316 
960,0.7334 
961,0.7288 
962,0.7200 
963,0.7277 
964,0.7284 
965,0.7352 
966,0.7367 
967,0.7318 
968,0.7398 
969,0.7424 
970,0.7401 
971,0.7457 
972,0.7415 
973,0.7423 
974,0.7400 
975,0.7363 
976,0.7439 
977,0.7445 
978,0.7451 
979,0.7393 
980,0.7388 
981,0.7493 
982,0.7478 
983,0.7527 
984,0.7524 
985,0.7506 
986,0.7521 
987,0.7472 
988,0.7256 
989,0.7203 
990,0.7232 
991,0.7244 
992,0.7269 
993,0.7323 
994,0.7497 
995,0.7420 
996,0.7412 
997,0.7374 
998,0.7355 
999,0.7370 
1000,0.7336
1001,0.7368 
1002,0.7381 
1003,0.7393 
1004,0.7326 
1005,0.7296 
1006,0.7207 
1007,0.7174 
1008,0.7285 
1009,0.7353 
1010,0.7399 
1011,0.7440 
1012,0.7368 
1013,0.7366 
1014,0.7504 
1015,0.7504 
1016,0.7503 
1017,0.7534 
1018,0.7562 
1019,0.7493 
1020,0.7463 
1021,0.7482 
1022,0.7406 
1023,0.7431 
1024,0.7453 
1025,0.7442 
1026,0.7370 
1027,0.7446 
1028,0.7451 
1029,0.7331 
1030,0.7285 
1031,0.7244 
1032,0.7301 
1033,0.7305 
1034,0.7231 
1035,0.7211 
1036,0.7256 
1037,0.7311 
1038,0.7268 
1039,0.7353 
1040,0.7446 
1041,0.7467 
1042,0.7408 
1043,0.7402 
1044,0.7443 
1045,0.7308 
1046,0.7249 
1047,0.7227 
1048,0.7301 
1049,0.7368 
1050,0.7272 
1051,0.7248 
1052,0.7273 
1053,0.7218 
1054,0.7168 
1055,0.7123 
1056,0.7145 
1057,0.7212 
1058,0.7240 
1059,0.7220 
1060,0.7248 
1061,0.7320 
1062,0.7369 
1063,0.7413 
1064,0.7391 
1065,0.7386 
1066,0.7366 
1067,0.7348 
1068,0.7364 
1069,0.7330 
1070,0.7285 
1071,0.7322 
1072,0.7402 
1073,0.7443 
1074,0.6824 
1075,0.6938 
1076,0.7010 
1077,0.7012 
1078,0.7092 
1079,0.7149 
1080,0.7215 
1081,0.7103 
1082,0.7111 
1083,0.7119 
1084,0.7079 
1085,0.7059 
1086,0.7087 
1087,0.7082 
1088,0.7170 
1089,0.7094 
1090,0.7166 
1091,0.7199 
1092,0.7182 
1093,0.7277 
1094,0.7315 
1095,0.7442 
1096,0.7433 
1097,0.7408 
1098,0.7417 
1099,0.7472
1100,0.7381
1101,0.7346 
1102,0.7471 
1103,0.7427 
1104,0.7372 
1105,0.7338 
1106,0.7292 
1107,0.7312 
1108,0.7316 
1109,0.7318 
1110,0.7337 
1111,0.7369 
1112,0.7491 
1113,0.7429 
1114,0.7452 
1115,0.7519 
1116,0.7564 
1117,0.7558 
1118,0.7490 
1119,0.7506 
1120,0.7428 
1121,0.7435 
1122,0.7426 
1123,0.7417 
1124,0.7394 
1125,0.7343 
1126,0.7358 
1127,0.7419 
1128,0.7537 
1129,0.7439 
1130,0.7477 
1131,0.7510 
1132,0.7494 
1133,0.7541 
1134,0.7584 
1135,0.7482 
1136,0.7484 
1137,0.7470 
1138,0.7519 
1139,0.7486 
1140,0.7488 
1141,0.7567 
1142,0.7576 
1143,0.7537 
1144,0.7424 
1145,0.7400 
1146,0.7520 
1147,0.7455 
1148,0.7460 
1149,0.7495 
1150,0.7480 
1151,0.7498 
1152,0.7451 
1153,0.7362 
1154,0.7329 
1155,0.7362 
1156,0.7376 
1157,0.7435 
1158,0.7426 
1159,0.7433 
1160,0.7455 
1161,0.7429 
1162,0.7498 
1163,0.7452 
1164,0.7535 
1165,0.7422 
1166,0.7383 
1167,0.7394 
1168,0.7389 
1169,0.7510 
1170,0.7603 
1171,0.7592 
1172,0.7536 
1173,0.7501 
1174,0.7517 
1175,0.7421 
1176,0.7429 
1177,0.7452 
1178,0.7457 
1179,0.7383 
1180,0.7395 
1181,0.7374 
1182,0.7340 
1183,0.7340 
1184,0.7372 
1185,0.7306 
1186,0.7357 
1187,0.7262 
1188,0.7317 
1189,0.7288 
1190,0.7278 
1191,0.7379 
1192,0.7375 
1193,0.7450 
1194,0.7455 
1195,0.7553 
1196,0.7657 
1197,0.7735 
1198,0.7712 
1199,0.7675 
1200,0.7720
1201,0.7698 
1202,0.7569 
1203,0.7562 
1204,0.7587 
1205,0.7453 
1206,0.7427 
1207,0.7465 
1208,0.7469 
1209,0.7503 
1210,0.7487 
1211,0.7504 
1212,0.7551 
1213,0.7530 
1214,0.7496 
1215,0.7559 
1216,0.7600 
1217,0.7590 
1218,0.7549 
1219,0.7435 
1220,0.7488 
1221,0.7458 
1222,0.7494 
1223,0.7604 
1224,0.7531 
1225,0.7450 
1226,0.7486 
1227,0.7409 
1228,0.7418 
1229,0.7489 
1230,0.7459 
1231,0.7400 
1232,0.6754 
1233,0.6797 
1234,0.6821 
1235,0.6904 
1236,0.7011 
1237,0.6982 
1238,0.7096 
1239,0.7136 
1240,0.7220 
1241,0.7138 
1242,0.7206 
1243,0.7173 
1244,0.7221 
1245,0.7202 
1246,0.7232 
1247,0.7259 
1248,0.7236 
1249,0.7200 
1250,0.7308 
1251,0.7265 
1252,0.7288 
1253,0.7262 
1254,0.7411 
1255,0.7483 
1256,0.7500
1257,0.7609 
1258,0.7692 
1259,0.7704 
1260,0.7653 
1261,0.7684 
1262,0.7713 
1263,0.7738 
1264,0.7777 
1265,0.7812 
1266,0.7827 
1267,0.7763 
1268,0.7800 
1269,0.7863 
1270,0.7811 
1271,0.7655 
1272,0.7562 
1273,0.7587 
1274,0.7578 
1275,0.7617 
1276,0.7668 
1277,0.7557 
1278,0.7630 
1279,0.7632 
1280,0.7557 
1281,0.7551 
1282,0.7499 
1283,0.7546 
1284,0.7541 
1285,0.7522 
1286,0.7566 
1287,0.7638 
1288,0.7718 
1289,0.7790 
1290,0.7808 
1291,0.7871 
1292,0.7802 
1293,0.7803 
1294,0.7789 
1295,0.7791 
1296,0.7731 
1297,0.7551 
1298,0.7515 
1299,0.7451 
1300,0.7487
1301,0.7379 
1302,0.7438 
1303,0.7475 
1304,0.7509 
1305,0.7602 
1306,0.7686 
1307,0.7729 
1308,0.7738 
1309,0.7636 
1310,0.7513 
1311,0.7512 
1312,0.7495 
1313,0.7433 
1314,0.7377 
1315,0.7499 
1316,0.7436 
1317,0.7490 
1318,0.7475 
1319,0.7384 
1320,0.7395 
1321,0.7453 
1322,0.7567 
1323,0.7623 
1324,0.7673 
1325,0.7702 
1326,0.7713 
1327,0.7692 
1328,0.7673 
1329,0.7702 
1330,0.7667 
1331,0.7759 
1332,0.7749 
1333,0.7740 
1334,0.7778 
1335,0.7766 
1336,0.7677 
1337,0.7706 
1338,0.7639 
1339,0.7640 
1340,0.7704 
1341,0.7653 
1342,0.7575 
1343,0.7536 
1344,0.7486 
1345,0.7472 
1346,0.7631 
1347,0.7711 
1348,0.7628 
1349,0.7599 
1350,0.7574 
1351,0.7566 
1352,0.7607 
1353,0.7690 
1354,0.7624 
1355,0.7502 
1356,0.7518 
1357,0.7516 
1358,0.7561 
1359,0.7680 
1360,0.7615 
1361,0.7697 
1362,0.7740 
1363,0.7700 
1364,0.7649 
1365,0.7634 
1366,0.7590 
1367,0.7534 
1368,0.7593 
1369,0.7552 
1370,0.7500 
1371,0.7500 
1372,0.7438 
1373,0.7413 
1374,0.7343 
1375,0.7265 
1376,0.7273 
1377,0.7311 
1378,0.7377 
1379,0.7421 
1380,0.7460 
1381,0.7292 
1382,0.7391 
1383,0.7417 
1384,0.7316 
1385,0.7288 
1386,0.7309 
1387,0.7344 
1388,0.7375 
1389,0.7356 
1390,0.6730 
1391,0.6713 
1392,0.6745 
1393,0.6774 
1394,0.6784 
1395,0.6871 
1396,0.6934 
1397,0.7037 
1398,0.7068 
1399,0.7189 
1400,0.7252
1401,0.7339 
1402,0.7386 
1403,0.7413 
1404,0.7610 
1405,0.7724 
1406,0.7764 
1407,0.7690 
1408,0.7640 
1409,0.7657 
1410,0.7626 
1411,0.7645 
1412,0.7630 
1413,0.7617
1414,0.7590 
1415,0.7690 
1416,0.7702 
1417,0.7776 
1418,0.7717 
1419,0.7742 
1420,0.7827 
1421,0.7795 
1422,0.7828 
1423,0.7670 
1424,0.7653 
1425,0.7638 
1426,0.7624 
1427,0.7674 
1428,0.7719 
1429,0.7619 
1430,0.7560 
1431,0.7492 
1432,0.7571 
1433,0.7611 
1434,0.7662 
1435,0.7771 
1436,0.7775 
1437,0.7732 
1438,0.7724 
1439,0.7686 
1440,0.7668 
1441,0.7557 
1442,0.7598 
1443,0.7651 
1444,0.7573 
1445,0.7566 
1446,0.7544 
1447,0.7524 
1448,0.7459 
1449,0.7557 
1450,0.7489 
1451,0.7396 
1452,0.7422 
1453,0.7492 
1454,0.7493 
1455,0.7572 
1456,0.7705 
1457,0.7779 
1458,0.7766 
1459,0.7724 
1460,0.7717 
1461,0.7649 
1462,0.7649 
1463,0.7588 
1464,0.7594 
1465,0.7601 
1466,0.7591 
1467,0.7535 
1468,0.7531 
1469,0.7559 
1470,0.7585 
1471,0.7639 
1472,0.7531 
1473,0.7528 
1474,0.7478 
1475,0.7480 
1476,0.7451 
1477,0.7472 
1478,0.7506 
1479,0.7443 
1480,0.7511 
1481,0.7604 
1482,0.7624 
1483,0.7706 
1484,0.7732 
1485,0.7693 
1486,0.7768 
1487,0.7741 
1488,0.7623 
1489,0.7673 
1490,0.7625 
1491,0.7518 
1492,0.7423 
1493,0.7462 
1494,0.7434 
1495,0.7441 
1496,0.7447 
1497,0.7499 
1498,0.7515 
1499,0.7560 
1500,0.7523
1501,0.7583 
1502,0.7590 
1503,0.7566 
1504,0.7544 
1505,0.7680 
1506,0.7709 
1507,0.7672 
1508,0.7608 
1509,0.7675 
1510,0.7642 
1511,0.7550 
1512,0.7482 
1513,0.7578 
1514,0.7586 
1515,0.7593 
1516,0.7630 
1517,0.7586 
1518,0.7656 
1519,0.7624 
1520,0.7643 
1521,0.7707 
1522,0.7702 
1523,0.7713 
1524,0.7692 
1525,0.7719 
1526,0.7713 
1527,0.7676 
1528,0.7627 
1529,0.7568 
1530,0.7623 
1531,0.7689 
1532,0.7608 
1533,0.7660 
1534,0.7737 
1535,0.7776 
1536,0.7795 
1537,0.7750 
1538,0.7850 
1539,0.7846 
1540,0.7890 
1541,0.7913 
1542,0.7856 
1543,0.7852 
1544,0.7817 
1545,0.7848 
1546,0.7782 
1547,0.7613 
1548,0.6945 
1549,0.7063 
1550,0.7185 
1551,0.7295 
1552,0.7237 
1553,0.7263 
1554,0.7225 
1555,0.7283 
1556,0.7289 
1557,0.7326 
1558,0.7390 
1559,0.7354 
1560,0.7400 
1561,0.7457 
1562,0.7555 
1563,0.7565 
1564,0.7543 
1565,0.7570 
1566,0.7563 
1567,0.7604 
1568,0.7624 
1569,0.7643 
1570,0.7598
1571,0.7557 
1572,0.7551 
1573,0.7515 
1574,0.7638 
1575,0.7593 
1576,0.7615 
1577,0.7604 
1578,0.7718 
1579,0.7759 
1580,0.7670 
1581,0.7716 
1582,0.7726 
1583,0.7687 
1584,0.7669 
1585,0.7667 
1586,0.7666 
1587,0.7712 
1588,0.7753 
1589,0.7759 
1590,0.7671 
1591,0.7638 
1592,0.7578 
1593,0.7570 
1594,0.7532 
1595,0.7560 
1596,0.7538 
1597,0.7472 
1598,0.7459 
1599,0.7510 
1600,0.7540
1601,0.7536 
1602,0.7548 
1603,0.7403 
1604,0.7506 
1605,0.7521 
1606,0.7566 
1607,0.7591 
1608,0.7550 
1609,0.7670 
1610,0.7700 
1611,0.7680 
1612,0.7646 
1613,0.7601 
1614,0.7669 
1615,0.7699 
1616,0.7648 
1617,0.7648 
1618,0.7618 
1619,0.7669 
1620,0.7683 
1621,0.7743 
1622,0.7703 
1623,0.7745 
1624,0.7783 
1625,0.7708 
1626,0.7547 
1627,0.7511 
1628,0.7494 
1629,0.7448 
1630,0.7469 
1631,0.7487 
1632,0.7473 
1633,0.7429 
1634,0.7405 
1635,0.7461 
1636,0.7449 
1637,0.7486 
1638,0.7471 
1639,0.7521 
1640,0.7597 
1641,0.7572 
1642,0.7471 
1643,0.7521 
1644,0.7409 
1645,0.7434 
1646,0.7487 
1647,0.7551 
1648,0.7593 
1649,0.7631 
1650,0.7664 
1651,0.7648 
1652,0.7649 
1653,0.7728 
1654,0.7705 
1655,0.7747 
1656,0.7660 
1657,0.7691 
1658,0.7672 
1659,0.7654 
1660,0.7592 
1661,0.7583 
1662,0.7590 
1663,0.7612 
1664,0.7554 
1665,0.7424 
1666,0.7478 
1667,0.7449 
1668,0.7423 
1669,0.7384 
1670,0.7427 
1671,0.7575 
1672,0.7599 
1673,0.7511 
1674,0.7509 
1675,0.7571 
1676,0.7580 
1677,0.7493 
1678,0.7525 
1679,0.7523 
1680,0.7567 
1681,0.7623 
1682,0.7673 
1683,0.7703 
1684,0.7683 
1685,0.7727 
1686,0.7704 
1687,0.7731 
1688,0.7739 
1689,0.7621 
1690,0.7578 
1691,0.7586 
1692,0.7608 
1693,0.7644 
1694,0.7505 
1695,0.7520 
1696,0.7471 
1697,0.7443 
1698,0.7464 
1699,0.7483 
1700,0.7563
1701,0.7635 
1702,0.7700 
1703,0.7664 
1704,0.7741 
1705,0.7811 
1706,0.7139 
1707,0.7238 
1708,0.7295 
1709,0.7316 
1710,0.7225 
1711,0.7299 
1712,0.7179 
1713,0.7226 
1714,0.7332 
1715,0.7349 
1716,0.7442 
1717,0.7526 
1718,0.7586 
1719,0.7593 
1720,0.7693 
1721,0.7736 
1722,0.7775 
1723,0.7669 
1724,0.7746 
1725,0.7722 
1726,0.7715 
1727,0.7740
1728,0.7732 
1729,0.7740 
1730,0.7685 
1731,0.7698 
1732,0.7756 
1733,0.7777 
1734,0.7812 
1735,0.7781 
1736,0.7800 
1737,0.7785 
1738,0.7944 
1739,0.8087 
1740,0.7997 
1741,0.7885 
1742,0.7831 
1743,0.7767 
1744,0.7693 
1745,0.7736 
1746,0.7713 
1747,0.7707 
1748,0.7593 
1749,0.7630 
1750,0.7555 
1751,0.7518 
1752,0.7563 
1753,0.7572 
1754,0.7596 
1755,0.7634 
1756,0.7714 
1757,0.7739 
1758,0.7716 
1759,0.7678 
1760,0.7707 
1761,0.7640 
1762,0.7657 
1763,0.7688 
1764,0.7748 
1765,0.7692 
1766,0.7625 
1767,0.7644 
1768,0.7645 
1769,0.7600 
1770,0.7543 
1771,0.7429 
1772,0.7483 
1773,0.7563 
1774,0.7572 
1775,0.7581 
1776,0.7604 
1777,0.7640 
1778,0.7704 
1779,0.7684 
1780,0.7759 
1781,0.7796 
1782,0.7813 
1783,0.7782 
1784,0.7801 
1785,0.7833 
1786,0.7768 
1787,0.7742 
1788,0.7749 
1789,0.7646 
1790,0.7631 
1791,0.7681 
1792,0.7647 
1793,0.7632 
1794,0.7588 
1795,0.7657 
1796,0.7641 
1797,0.7674 
1798,0.7625 
1799,0.7644 
1800,0.7692
1801,0.7782 
1802,0.7754 
1803,0.7713 
1804,0.7692 
1805,0.7657 
1806,0.7657 
1807,0.7626 
1808,0.7660 
1809,0.7753 
1810,0.7822 
1811,0.7946 
1812,0.8011 
1813,0.8022 
1814,0.8001 
1815,0.7857 
1816,0.7853 
1817,0.7864 
1818,0.7922 
1819,0.7848 
1820,0.7892 
1821,0.7868 
1822,0.7941 
1823,0.7928 
1824,0.7932 
1825,0.7920 
1826,0.7909 
1827,0.7915 
1828,0.7889 
1829,0.7928 
1830,0.8011 
1831,0.7944 
1832,0.7868 
1833,0.7847 
1834,0.7765 
1835,0.7755 
1836,0.7776 
1837,0.7827 
1838,0.7919 
1839,0.7924 
1840,0.7866 
1841,0.7845 
1842,0.7889 
1843,0.7850 
1844,0.7893 
1845,0.7838 
1846,0.7820 
1847,0.7741 
1848,0.7764 
1849,0.7815 
1850,0.7862 
1851,0.7857 
1852,0.7899 
1853,0.7860 
1854,0.7761 
1855,0.7797 
1856,0.7877 
1857,0.7949 
1858,0.7951 
1859,0.7921 
1860,0.7848 
1861,0.7844 
1862,0.7872 
1863,0.7898 
1864,0.7983 
1865,0.7935 
1866,0.7922 
1867,0.7911 
1868,0.7933 
1869,0.7905 
1870,0.7896 
1871,0.7872 
1872,0.7913 
1873,0.7965 
1874,0.7888 
1875,0.7958 
1876,0.8022 
1877,0.8063 
1878,0.7976 
1879,0.7959 
1880,0.8007 
1881,0.8035 
1882,0.8075 
1883,0.8002 
1884,0.8030
1885,0.7946 
1886,0.7870 
1887,0.7833 
1888,0.7846 
1889,0.7874 
1890,0.7837 
1891,0.7866 
1892,0.7876 
1893,0.7854 
1894,0.7881 
1895,0.7905 
1896,0.7865 
1897,0.7641 
1898,0.7611 
1899,0.7663 
1900,0.7631
1901,0.7602 
1902,0.7701 
1903,0.7712 
1904,0.7629 
1905,0.7663 
1906,0.7678 
1907,0.7738 
1908,0.7745 
1909,0.7690 
1910,0.7686 
1911,0.7699 
1912,0.7617 
1913,0.7527 
1914,0.7524 
1915,0.7553 
1916,0.7563 
1917,0.7479 
1918,0.7543 
1919,0.7414 
1920,0.7407 
1921,0.7338 
1922,0.7386 
1923,0.7413 
1924,0.7453 
1925,0.7489 
1926,0.7537 
1927,0.7596 
1928,0.7695 
1929,0.7770 
1930,0.7789 
1931,0.7886 
1932,0.7878 
1933,0.7778 
1934,0.7766 
1935,0.7708 
1936,0.7640 
1937,0.7689 
1938,0.7779 
1939,0.7798 
1940,0.7846 
1941,0.7812 
1942,0.7843 
1943,0.7840 
1944,0.7837 
1945,0.7835 
1946,0.7879 
1947,0.7763 
1948,0.7784 
1949,0.7771 
1950,0.7838 
1951,0.7820 
1952,0.7850 
1953,0.7846 
1954,0.7765 
1955,0.7801 
1956,0.7771 
1957,0.7837 
1958,0.7929 
1959,0.7886 
1960,0.7910 
1961,0.7916 
1962,0.7827 
1963,0.7826 
1964,0.7746 
1965,0.7815 
1966,0.7800 
1967,0.7801 
1968,0.7849 
1969,0.7861 
1970,0.7794 
1971,0.7795 
1972,0.7797 
1973,0.7799 
1974,0.7769 
1975,0.7820 
1976,0.7835 
1977,0.7848 
1978,0.7751 
1979,0.7757 
1980,0.7747 
1981,0.7691 
1982,0.7703 
1983,0.7699 
1984,0.7741 
1985,0.7780 
1986,0.7877 
1987,0.7761 
1988,0.7782 
1989,0.7769 
1990,0.7680 
1991,0.7740 
1992,0.7731 
1993,0.7693 
1994,0.7767 
1995,0.7803 
1996,0.7820 
1997,0.7772 
1998,0.7729 
1999,0.7769 
2000,0.7726
2001,0.7719 
2002,0.7760 
2003,0.7749 
2004,0.7771 
2005,0.7666 
2006,0.7775 
2007,0.7841 
2008,0.7885 
2009,0.7878 
2010,0.7824 
2011,0.7854 
2012,0.7881 
2013,0.7781 
2014,0.7784 
2015,0.7724 
2016,0.7811 
2017,0.7905 
2018,0.7896 
2019,0.7966 
2020,0.7982 
2021,0.8027 
2022,0.7349 
2023,0.7443 
2024,0.7433 
2025,0.7549 
2026,0.7638 
2027,0.7718 
2028,0.7712 
2029,0.7690 
2030,0.7765 
2031,0.7723 
2032,0.7701 
2033,0.7727 
2034,0.7736 
2035,0.7775 
2036,0.7810 
2037,0.7841 
2038,0.7839 
2039,0.7805 
2040,0.7915 
2041,0.7905
2042,0.7974 
2043,0.8004 
2044,0.7985 
2045,0.7937 
2046,0.7940 
2047,0.7833 
2048,0.7831 
2049,0.7751 
2050,0.7726 
2051,0.7719 
2052,0.7760 
2053,0.7827 
2054,0.7732 
2055,0.7834 
2056,0.7926 
2057,0.7946 
2058,0.8026 
2059,0.8036 
2060,0.8170 
2061,0.8181 
2062,0.8144 
2063,0.8048 
2064,0.8056 
2065,0.8016 
2066,0.7949 
2067,0.7951 
2068,0.7968 
2069,0.7984 
2070,0.7967 
2071,0.7920 
2072,0.7878 
2073,0.7840 
2074,0.7900 
2075,0.7891 
2076,0.7915 
2077,0.7936 
2078,0.7955 
2079,0.7878 
2080,0.7746 
2081,0.7722 
2082,0.7668 
2083,0.7683 
2084,0.7664 
2085,0.7664 
2086,0.7616 
2087,0.7651 
2088,0.7714 
2089,0.7662 
2090,0.7645 
2091,0.7693 
2092,0.7752 
2093,0.7743 
2094,0.7828 
2095,0.7826 
2096,0.7840 
2097,0.7853 
2098,0.7849 
2099,0.7830 
2100,0.7828
2101,0.7842 
2102,0.7870 
2103,0.7849 
2104,0.7861 
2105,0.7856 
2106,0.7867 
2107,0.7971 
2108,0.7955 
2109,0.8004 
2110,0.8047 
2111,0.7992 
2112,0.8084 
2113,0.8041 
2114,0.7987 
2115,0.8032 
2116,0.8057 
2117,0.8017 
2118,0.7950 
2119,0.7983 
2120,0.7934 
2121,0.7891 
2122,0.7946 
2123,0.7885 
2124,0.7894 
2125,0.7901 
2126,0.7814 
2127,0.7845 
2128,0.7905 
2129,0.7958 
2130,0.7912 
2131,0.7965 
2132,0.7981 
2133,0.7933 
2134,0.7967 
2135,0.7952 
2136,0.7891 
2137,0.7899 
2138,0.7828 
2139,0.7779 
2140,0.7736 
2141,0.7665 
2142,0.7555 
2143,0.7534 
2144,0.7609 
2145,0.7645 
2146,0.7740 
2147,0.7887 
2148,0.7927 
2149,0.8025 
2150,0.8004 
2151,0.8078 
2152,0.8083 
2153,0.8118 
2154,0.8213 
2155,0.8235 
2156,0.8193 
2157,0.8139 
2158,0.7982 
2159,0.7902 
2160,0.7878 
2161,0.7793 
2162,0.7826 
2163,0.7762 
2164,0.7752 
2165,0.7789 
2166,0.7885 
2167,0.7831 
2168,0.7939 
2169,0.7988 
2170,0.7924 
2171,0.7882 
2172,0.7906 
2173,0.7881 
2174,0.7827 
2175,0.7779 
2176,0.7829 
2177,0.7890 
2178,0.7835 
2179,0.7771 
2180,0.7118 
2181,0.7188 
2182,0.7328 
2183,0.7283 
2184,0.7430 
2185,0.7515 
2186,0.7576 
2187,0.7615 
2188,0.7651 
2189,0.7698 
2190,0.7772 
2191,0.7729 
2192,0.7737 
2193,0.7776 
2194,0.7842 
2195,0.7980 
2196,0.7948 
2197,0.7981 
2198,0.8011
2199,0.8022 
2200,0.8001
2201,0.7920 
2202,0.7894 
2203,0.7839 
2204,0.7742 
2205,0.7687 
2206,0.7668 
2207,0.7636 
2208,0.7669 
2209,0.7715 
2210,0.7818 
2211,0.7755 
2212,0.7917 
2213,0.7938 
2214,0.7988 
2215,0.7986 
2216,0.7859 
2217,0.7776 
2218,0.7733 
2219,0.7663 
2220,0.7709 
2221,0.7688 
2222,0.7716 
2223,0.7710 
2224,0.7783 
2225,0.7786 
2226,0.7773 
2227,0.7793 
2228,0.7857 
2229,0.7853 
2230,0.7849 
2231,0.7798 
2232,0.7846 
2233,0.7827 
2234,0.7748 
2235,0.7707 
2236,0.7687 
2237,0.7543 
2238,0.7570 
2239,0.7672 
2240,0.7764 
2241,0.7801 
2242,0.7802 
2243,0.7803 
2244,0.7726 
2245,0.7734 
2246,0.7727 
2247,0.7735 
2248,0.7790 
2249,0.7808 
2250,0.7839 
2251,0.7899 
2252,0.7937 
2253,0.7909 
2254,0.7853 
2255,0.7802 
2256,0.7803 
2257,0.7804 
2258,0.7758 
2259,0.7685 
2260,0.7604 
2261,0.7500 
2262,0.7500 
2263,0.7547 
2264,0.7620 
2265,0.7655 
2266,0.7733 
2267,0.7726 
2268,0.7750 
2269,0.7787 
2270,0.7696 
2271,0.7739 
2272,0.7746 
2273,0.7816 
2274,0.7893 
2275,0.7854 
2276,0.7725 
2277,0.7781 
2278,0.7784 
2279,0.7865 
2280,0.7844 
2281,0.7809 
2282,0.7841 
2283,0.7838 
2284,0.7976 
2285,0.7991 
2286,0.8020 
2287,0.8046 
2288,0.8023 
2289,0.8017 
2290,0.8044 
2291,0.7989 
2292,0.7925 
2293,0.7914 
2294,0.7779 
2295,0.7813 
2296,0.7829 
2297,0.7796 
2298,0.7876 
2299,0.7854 
2300,0.7740
2301,0.7654 
2302,0.7670 
2303,0.7699 
2304,0.7805 
2305,0.7899 
2306,0.7844 
2307,0.7919 
2308,0.7986 
2309,0.8016 
2310,0.8058 
2311,0.8111 
2312,0.8175 
2313,0.8123 
2314,0.8108 
2315,0.8047 
2316,0.7961 
2317,0.7993 
2318,0.8022 
2319,0.8032 
2320,0.8026 
2321,0.8083 
2322,0.8196 
2323,0.8095 
2324,0.8005 
2325,0.7954 
2326,0.8049 
2327,0.7963 
2328,0.7979 
2329,0.7963 
2330,0.7963 
2331,0.8026 
2332,0.8036 
2333,0.8045 
2334,0.8053 
2335,0.8060 
2336,0.8114 
2337,0.8099 
2338,0.7430 
2339,0.7515 
2340,0.7576 
2341,0.7615 
2342,0.7666 
2343,0.7618 
2344,0.7497 
2345,0.7544 
2346,0.7571 
2347,0.7580 
2348,0.7665 
2349,0.7743 
2350,0.7765 
2351,0.7786 
2352,0.7913 
2353,0.7903 
2354,0.8035 
2355,0.8075
2356,0.8064 
2357,0.8117 
2358,0.8102 
2359,0.8136 
2360,0.8072 
2361,0.8046 
2362,0.8054 
2363,0.7999 
2364,0.7886 
2365,0.7879 
2366,0.7935 
2367,0.7829 
2368,0.7843 
2369,0.7902 
2370,0.7925 
2371,0.7945 
2372,0.7947 
2373,0.7902 
2374,0.7831 
2375,0.7735 
2376,0.7743 
2377,0.7750 
2378,0.7741 
2379,0.7717 
2380,0.7679 
2381,0.7661 
2382,0.7583 
2383,0.7590 
2384,0.7581 
2385,0.7620 
2386,0.7608 
2387,0.7597 
2388,0.7650 
2389,0.7729 
2390,0.7784 
2391,0.7865 
2392,0.7922 
2393,0.7989 
2394,0.8034 
2395,0.8012 
2396,0.7992 
2397,0.8052 
2398,0.8106 
2399,0.8077 
2400,0.8051
2401,0.8027 
2402,0.8005 
2403,0.8049 
2404,0.8087 
2405,0.8060 
2406,0.8082 
2407,0.8149 
2408,0.8131 
2409,0.8130 
2410,0.8114 
2411,0.8162 
2412,0.8049 
2413,0.8025 
2414,0.7942 
2415,0.8022 
2416,0.8048 
2417,0.8056 
2418,0.7969 
2419,0.8000 
2420,0.8013 
2421,0.7962 
2422,0.7978 
2423,0.7946 
2424,0.7979 
2425,0.8056 
2426,0.8001 
2427,0.8013 
2428,0.8024 
2429,0.8019 
2430,0.7936 
2431,0.7892 
2432,0.7822 
2433,0.7805 
2434,0.7837 
2435,0.7788 
2436,0.7806 
2437,0.7869 
2438,0.7895 
2439,0.7996 
2440,0.7993 
2441,0.7881 
2442,0.7843 
2443,0.7824 
2444,0.7855 
2445,0.7928 
2446,0.7932 
2447,0.7967 
2448,0.7874 
2449,0.7852 
2450,0.7911 
2451,0.7948 
2452,0.7981 
2453,0.7933 
2454,0.7874 
2455,0.7821 
2456,0.7898 
2457,0.7812 
2458,0.7858 
2459,0.7885 
2460,0.8003 
2461,0.7968 
2462,0.7968 
2463,0.7968 
2464,0.7937 
2465,0.7893 
2466,0.7776 
2467,0.7795 
2468,0.7859 
2469,0.7839 
2470,0.7821 
2471,0.7929 
2472,0.7996 
2473,0.8087 
2474,0.8075 
2475,0.8049 
2476,0.7978 
2477,0.7962 
2478,0.7931 
2479,0.7857 
2480,0.7805 
2481,0.7791 
2482,0.7855 
2483,0.7898 
2484,0.7999 
2485,0.7949 
2486,0.7920 
2487,0.7893 
2488,0.7776 
2489,0.7826 
2490,0.7794 
2491,0.7717 
2492,0.7680 
2493,0.7662 
2494,0.7693 
2495,0.7736 
2496,0.7072 
2497,0.7146 
2498,0.7197 
2499,0.7258 
2500,0.7329
2501,0.7440 
2502,0.7509 
2503,0.7633 
2504,0.7620 
2505,0.7733 
2506,0.7741 
2507,0.7654 
2508,0.7717 
2509,0.7648 
2510,0.7618 
2511,0.7606 
2512,0.7611
2513,0.7616 
2514,0.7682 
2515,0.7711 
2516,0.7768 
2517,0.7882 
2518,0.7890 
2519,0.7883 
2520,0.8001 
2521,0.8029 
2522,0.7960 
2523,0.7977 
2524,0.7945 
2525,0.7838 
2526,0.7820 
2527,0.7772 
2528,0.7932 
2529,0.8014 
2530,0.8041 
2531,0.8018 
2532,0.8044 
2533,0.7974 
2534,0.8021 
2535,0.7984 
2536,0.7998 
2537,0.7980 
2538,0.8010 
2539,0.8037 
2540,0.8061 
2541,0.8146 
2542,0.8128 
2543,0.8143 
2544,0.8157 
2545,0.8138 
2546,0.8121 
2547,0.8106 
2548,0.8171 
2549,0.8088 
2550,0.8154 
2551,0.8120 
2552,0.8152 
2553,0.8149 
2554,0.8162 
2555,0.8284 
2556,0.8299 
2557,0.8282 
2558,0.8250 
2559,0.8222 
2560,0.8119 
2561,0.8072 
2562,0.7984 
2563,0.7904 
2564,0.7770 
2565,0.7852 
2566,0.7848 
2567,0.7923 
2568,0.7818 
2569,0.7880 
2570,0.7889 
2571,0.7959 
2572,0.8039 
2573,0.8032 
2574,0.8025 
2575,0.8035 
2576,0.7997 
2577,0.7948 
2578,0.7856 
2579,0.7789 
2580,0.7807 
2581,0.7714 
2582,0.7614 
2583,0.7619 
2584,0.7716 
2585,0.7726 
2586,0.7734 
2587,0.7773 
2588,0.7746 
2589,0.7737 
2590,0.7729 
2591,0.7722 
2592,0.7825 
2593,0.7792 
2594,0.7794 
2595,0.7812 
2596,0.7827 
2597,0.7873 
2598,0.7867 
2599,0.7908 
2600,0.7992
2601,0.7990 
2602,0.7957 
2603,0.7973 
2604,0.7864 
2605,0.7858 
2606,0.7901 
2607,0.7876 
2608,0.7823 
2609,0.7806 
2610,0.7791 
2611,0.7778 
2612,0.7813 
2613,0.7828 
2614,0.7905 
2615,0.7974 
2616,0.7926 
2617,0.7946 
2618,0.7980 
2619,0.8025 
2620,0.8004 
2621,0.8016 
2622,0.7996 
2623,0.8009 
2624,0.7942 
2625,0.7898 
2626,0.7889 
2627,0.7866 
2628,0.7939 
2629,0.7926 
2630,0.7915 
2631,0.7920 
2632,0.7988 
2633,0.8001 
2634,0.7982 
2635,0.7950 
2636,0.7983 
2637,0.7888 
2638,0.7833 
2639,0.7878 
2640,0.7840 
2641,0.7853 
2642,0.7865 
2643,0.7953 
2644,0.7955 
2645,0.7987 
2646,0.7986 
2647,0.7953 
2648,0.8001 
2649,0.7873 
2650,0.7867 
2651,0.7861 
2652,0.7888 
2653,0.7818 
2654,0.7130 
2655,0.7229 
2656,0.7319 
2657,0.7353 
2658,0.7461 
2659,0.7496 
2660,0.7512 
2661,0.7558 
2662,0.7536 
2663,0.7564 
2664,0.7698 
2665,0.7725 
2666,0.7718 
2667,0.7759 
2668,0.7889 
2669,0.7850
2670,0.7925 
2671,0.7945 
2672,0.7916 
2673,0.7859 
2674,0.7854 
2675,0.7725 
2676,0.7687 
2677,0.7731 
2678,0.7770 
2679,0.7837 
2680,0.7866 
2681,0.7907 
2682,0.7913 
2683,0.7997 
2684,0.8057 
2685,0.8126 
2686,0.8063 
2687,0.8070 
2688,0.8013 
2689,0.8024 
2690,0.8034 
2691,0.8106 
2692,0.8139 
2693,0.8137 
2694,0.8074 
2695,0.8001 
2696,0.8029 
2697,0.8054 
2698,0.8061 
2699,0.8099 
2700,0.8117
2701,0.8118 
2702,0.8165 
2703,0.8161 
2704,0.8001 
2705,0.8014 
2706,0.8041 
2707,0.7940 
2708,0.7943 
2709,0.7976 
2710,0.7913 
2711,0.7887 
2712,0.7942 
2713,0.7976 
2714,0.8007 
2715,0.7941 
2716,0.7912 
2717,0.7808 
2718,0.7778 
2719,0.7781 
2720,0.7769 
2721,0.7695 
2722,0.7707 
2723,0.7780 
2724,0.7939 
2725,0.7973 
2726,0.7989 
2727,0.8049 
2728,0.8135 
2729,0.8149 
2730,0.8194 
2731,0.8171 
2732,0.8167 
2733,0.8131 
2734,0.8006 
2735,0.7939 
2736,0.7896 
2737,0.7965 
2738,0.7966 
2739,0.7935 
2740,0.7985 
2741,0.7827 
2742,0.7873 
2743,0.7851 
2744,0.7831 
2745,0.7845 
2746,0.7842 
2747,0.7855 
2748,0.7725 
2749,0.7781 
2750,0.7737 
2751,0.7792 
2752,0.7809 
2753,0.7841 
2754,0.7901 
2755,0.7986 
2756,0.8015 
2757,0.7995 
2758,0.8008 
2759,0.7895 
2760,0.7949 
2761,0.7982 
2762,0.8012 
2763,0.8101 
2764,0.8088 
2765,0.8045 
2766,0.7990 
2767,0.7988 
2768,0.8033 
2769,0.8027 
2770,0.7990 
2771,0.8050 
2772,0.8042 
2773,0.8113 
2774,0.8161 
2775,0.8189 
2776,0.8167 
2777,0.8147 
2778,0.8176 
2779,0.8171 
2780,0.8166 
2781,0.8193 
2782,0.8171 
2783,0.8119 
2784,0.8042 
2785,0.8050 
2786,0.8026 
2787,0.7864 
2788,0.7859 
2789,0.7964 
2790,0.7964 
2791,0.8027 
2792,0.8084 
2793,0.8010 
2794,0.7943 
2795,0.7961 
2796,0.7837 
2797,0.7850 
2798,0.7847 
2799,0.7781 
2800,0.7831
2801,0.7845 
2802,0.7873 
2803,0.7929 
2804,0.7996 
2805,0.7946 
2806,0.7917 
2807,0.8032 
2808,0.8025 
2809,0.8020 
2810,0.8030 
2811,0.8008 
2812,0.7301 
2813,0.7352 
2814,0.7430 
2815,0.7530 
2816,0.7559 
2817,0.7522 
2818,0.7551 
2819,0.7671 
2820,0.7716 
2821,0.7866 
2822,0.7939 
2823,0.8051 
2824,0.8137 
2825,0.8042 
2826,0.8019
2827,0.7936 
2828,0.7908 
2829,0.7867 
2830,0.7830 
2831,0.7844 
2832,0.7919 
2833,0.7940 
2834,0.8036 
2835,0.8170 
2836,0.8150 
2837,0.8194 
2838,0.8234 
2839,0.8161 
2840,0.8126 
2841,0.8126 
2842,0.8095 
2843,0.8129 
2844,0.8066 
2845,0.8009 
2846,0.8005 
2847,0.7924 
2848,0.7975 
2849,0.7990 
2850,0.8003 
2851,0.7969 
2852,0.7938 
2853,0.7941 
2854,0.7943 
2855,0.7977 
2856,0.8008 
2857,0.8066 
2858,0.8041 
2859,0.8049 
2860,0.8104 
2861,0.8059 
2862,0.8034 
2863,0.8075 
2864,0.8095 
2865,0.7989 
2866,0.8003 
2867,0.7952 
2868,0.7985 
2869,0.7921 
2870,0.7879 
2871,0.7779 
2872,0.7751 
2873,0.7772 
2874,0.7823 
2875,0.7916 
2876,0.7984 
2877,0.8029 
2878,0.7961 
2879,0.8040 
2880,0.8032 
2881,0.8026 
2882,0.8036 
2883,0.8076 
2884,0.8019 
2885,0.8076 
2886,0.8018 
2887,0.8029 
2888,0.7976 
2889,0.8022 
2890,0.7986 
2891,0.7906 
2892,0.7959 
2893,0.7913 
2894,0.7919 
2895,0.7971 
2896,0.7986 
2897,0.7969 
2898,0.7937 
2899,0.7909 
2900,0.7915
2901,0.7936 
2902,0.7939 
2903,0.7911 
2904,0.7776 
2905,0.7796 
2906,0.7750 
2907,0.7772 
2908,0.7823 
2909,0.7931 
2910,0.7888 
2911,0.7912 
2912,0.7902 
2913,0.7846 
2914,0.7812 
2915,0.7812 
2916,0.7827 
2917,0.7763 
2918,0.7815 
2919,0.7768 
2920,0.7866 
2921,0.7892 
2922,0.7978 
2923,0.7946 
2924,0.8026 
2925,0.8005 
2926,0.8032 
2927,0.7932 
2928,0.7920 
2929,0.7878 
2930,0.7856 
2931,0.7820 
2932,0.7867 
2933,0.7830 
2934,0.7859 
2935,0.7933 
2936,0.7905 
2937,0.7943 
2938,0.7914 
2939,0.7904 
2940,0.7879 
2941,0.7919 
2942,0.7924 
2943,0.7913 
2944,0.7919 
2945,0.7861 
2946,0.7841 
2947,0.7854 
2948,0.7818 
2949,0.7739 
2950,0.7825 
2951,0.7855 
2952,0.7898 
2953,0.7967 
2954,0.8030 
2955,0.8008 
2956,0.8020 
2957,0.8015 
2958,0.8119 
2959,0.8120 
2960,0.8136 
2961,0.8135 
2962,0.8134 
2963,0.8117 
2964,0.8040 
2965,0.8017 
2966,0.7997 
2967,0.7963 
2968,0.7948 
2969,0.7934 
2970,0.7250 
2971,0.7353 
2972,0.7415 
2973,0.7408 
2974,0.7448 
2975,0.7485 
2976,0.7642 
2977,0.7722 
2978,0.7700 
2979,0.7711 
2980,0.7752 
2981,0.7774 
2982,0.7825 
2983,0.7933
2984,0.7890 
2985,0.7913 
2986,0.7997 
2987,0.7978 
2988,0.8024 
2989,0.8066 
2990,0.8056 
2991,0.8078 
2992,0.8021 
2993,0.7937 
2994,0.7940 
2995,0.7975 
2996,0.7943 
2997,0.7992 
2998,0.8084 
2999,0.8135 
3000,0.8071
3001,0.8061 
3002,0.8130 
3003,0.8317 
3004,0.8298 
3005,0.8202 
3006,0.8179 
3007,0.8189 
3008,0.8151 
3009,0.8149 
3010,0.8131 
3011,0.8099 
3012,0.8133 
3013,0.8179 
3014,0.8205 
3015,0.8212 
3016,0.8188 
3017,0.8197 
3018,0.8175 
3019,0.8170 
3020,0.8071 
3021,0.8092 
3022,0.8096 
3023,0.8099 
3024,0.8039 
3025,0.8000 
3026,0.8013 
3027,0.8071 
3028,0.8092 
3029,0.8127 
3030,0.8158 
3031,0.8186 
3032,0.8180 
3033,0.8190 
3034,0.8136 
3035,0.8151 
3036,0.8195 
3037,0.8094 
3038,0.8113 
3039,0.8083 
3040,0.8025 
3041,0.8097 
3042,0.8100 
3043,0.8009 
3044,0.8083 
3045,0.8056 
3046,0.8000 
3047,0.8091 
3048,0.8157 
3049,0.8107 
3050,0.8140 
3051,0.8123 
3052,0.8123 
3053,0.8201 
3054,0.8131 
3055,0.8115 
3056,0.8132 
3057,0.8131 
3058,0.8099 
3059,0.8086 
3060,0.8137 
3061,0.8089 
3062,0.8170 
3063,0.8150 
3064,0.8117 
3065,0.8211 
3066,0.8249 
3067,0.8253 
3068,0.8115 
3069,0.8085 
3070,0.8120 
3071,0.8074 
3072,0.8032 
3073,0.8072 
3074,0.8140 
3075,0.8201 
3076,0.8209 
3077,0.8279 
3078,0.8232 
3079,0.8190 
3080,0.8262 
3081,0.8248 
3082,0.8142 
3083,0.8109 
3084,0.8064 
3085,0.8007 
3086,0.7957 
3087,0.7958 
3088,0.8006 
3089,0.8018 
3090,0.8029 
3091,0.8069 
3092,0.8153 
3093,0.8166 
3094,0.8209 
3095,0.8232 
3096,0.8221 
3097,0.8164 
3098,0.8161 
3099,0.8126 
3100,0.8094
3101,0.8097 
3102,0.8116 
3103,0.8085 
3104,0.8074 
3105,0.8063 
3106,0.8038 
3107,0.7953 
3108,0.7939 
3109,0.7958 
3110,0.8068 
3111,0.8043 
3112,0.8129 
3113,0.8191 
3114,0.8184 
3115,0.8179 
3116,0.8142 
3117,0.8062 
3118,0.8037 
3119,0.8077 
3120,0.8019 
3121,0.8014 
3122,0.8010 
3123,0.7990 
3124,0.7941 
3125,0.7944 
3126,0.7931 
3127,0.7872 
3128,0.7225 
3129,0.7269 
3130,0.7370 
3131,0.7445 
3132,0.7498 
3133,0.7514 
3134,0.7528 
3135,0.7650 
3136,0.7619 
3137,0.7592 
3138,0.7708 
3139,0.7718 
3140,0.7774
3141,0.7841 
3142,0.7947 
3143,0.7949 
3144,0.8014 
3145,0.7978 
3146,0.7962 
3147,0.8009 
3148,0.7958 
3149,0.7991 
3150,0.7988 
3151,0.7971 
3152,0.7955 
3153,0.7956 
3154,0.7864 
3155,0.7874 
3156,0.7899 
3157,0.7797 
3158,0.7877 
3159,0.7980 
3160,0.7807 
3161,0.7776 
3162,0.7811 
3163,0.7827 
3164,0.7872 
3165,0.7772 
3166,0.7776 
3167,0.7827 
3168,0.7857 
3169,0.7899 
3170,0.7953 
3171,0.7939 
3172,0.7895 
3173,0.7840 
3174,0.7884 
3175,0.7908 
3176,0.7945 
3177,0.8057 
3178,0.8064 
3179,0.8148 
3180,0.8177 
3181,0.8109 
3182,0.8095 
3183,0.8161 
3184,0.8173 
3185,0.8137 
3186,0.8073 
3187,0.8000 
3188,0.8060 
3189,0.8097 
3190,0.8147 
3191,0.8192 
3192,0.8185 
3193,0.8210 
3194,0.8170 
3195,0.8057 
3196,0.8063 
3197,0.7945 
3198,0.7931 
3199,0.7904 
3200,0.7863
3201,0.7874 
3202,0.7852 
3203,0.7848 
3204,0.7845 
3205,0.7873 
3206,0.7914 
3207,0.7997 
3208,0.8072 
3209,0.8031 
3210,0.8118 
3211,0.8119 
3212,0.8167 
3213,0.8037 
3214,0.7937 
3215,0.7987 
3216,0.7923 
3217,0.7771 
3218,0.7806 
3219,0.7823 
3220,0.7806 
3221,0.7760 
3222,0.7749 
3223,0.7834 
3224,0.7879 
3225,0.7856 
3226,0.7914 
3227,0.7935 
3228,0.7986 
3229,0.8046 
3230,0.8023 
3231,0.8033 
3232,0.8011 
3233,0.7944 
3234,0.8025 
3235,0.8082 
3236,0.8008 
3237,0.7989 
3238,0.7987 
3239,0.8000 
3240,0.8075 
3241,0.8158 
3242,0.8108 
3243,0.8016 
3244,0.7949 
3245,0.7888 
3246,0.7865 
3247,0.7797 
3248,0.7861 
3249,0.7919 
3250,0.7830 
3251,0.7860 
3252,0.7949 
3253,0.7951 
3254,0.7968 
3255,0.8031 
3256,0.8071 
3257,0.8077 
3258,0.8019 
3259,0.7998 
3260,0.7980 
3261,0.7932 
3262,0.7842 
3263,0.7761 
3264,0.7657 
3265,0.7766 
3266,0.7755 
3267,0.7808 
3268,0.7964 
3269,0.8027 
3270,0.8037 
3271,0.7936 
3272,0.7924 
3273,0.7991 
3274,0.7989 
3275,0.7987 
3276,0.8047 
3277,0.8055 
3278,0.8047 
3279,0.8008 
3280,0.7988 
3281,0.7892 
3282,0.7900 
3283,0.7907 
3284,0.7976 
3285,0.8006 
3286,0.7268 
3287,0.7322 
3288,0.7403 
3289,0.7553 
3290,0.7626 
3291,0.7676 
3292,0.7721 
3293,0.7808 
3294,0.7871 
3295,0.7803 
3296,0.7897 
3297,0.7842
3298,0.7870 
3299,0.7896 
3300,0.7966
3301,0.8028 
3302,0.8054 
3303,0.8014 
3304,0.8041 
3305,0.7971 
3306,0.8002 
3307,0.8030 
3308,0.7993 
3309,0.8068 
3310,0.8058 
3311,0.8081 
3312,0.8116 
3313,0.8102 
3314,0.8088 
3315,0.8123 
3316,0.8045 
3317,0.7991 
3318,0.7879 
3319,0.7841 
3320,0.7838 
3321,0.7851 
3322,0.7957 
3323,0.8005 
3324,0.8017 
3325,0.8043 
3326,0.7927 
3327,0.7946 
3328,0.8011 
3329,0.7976 
3330,0.8053 
3331,0.8060 
3332,0.8114 
3333,0.8162 
3334,0.8174 
3335,0.8216 
3336,0.8253 
3337,0.8194 
3338,0.8140 
3339,0.8123 
3340,0.8029 
3341,0.8070 
3342,0.8029 
3343,0.8085 
3344,0.8120 
3345,0.8058 
3346,0.8065 
3347,0.8102 
3348,0.8058 
3349,0.8127 
3350,0.8220 
3351,0.8133 
3352,0.8054 
3353,0.8108 
3354,0.8172 
3355,0.8074 
3356,0.7985 
3357,0.7874 
3358,0.7930 
3359,0.7919 
3360,0.7924 
3361,0.7959 
3362,0.8007 
3363,0.8081 
3364,0.8086 
3365,0.8121 
3366,0.8106 
3367,0.8139 
3368,0.8200 
3369,0.8114 
3370,0.8053 
3371,0.8076 
3372,0.7956 
3373,0.7988 
3374,0.8033 
3375,0.7886 
3376,0.7863 
3377,0.7905 
3378,0.7943 
3379,0.7914 
3380,0.7935 
3381,0.7954 
3382,0.7924 
3383,0.7976 
3384,0.7991 
3385,0.8020 
3386,0.7968 
3387,0.8030 
3388,0.7962 
3389,0.7978 
3390,0.7930 
3391,0.7903 
3392,0.7894 
3393,0.7948 
3394,0.7935 
3395,0.7891 
3396,0.7961 
3397,0.7978 
3398,0.7961 
3399,0.7962 
3400,0.7994
3401,0.8038 
3402,0.8063 
3403,0.8053 
3404,0.8060 
3405,0.8067 
3406,0.7932 
3407,0.7998 
3408,0.7948 
3409,0.7950 
3410,0.8062 
3411,0.8052 
3412,0.8013 
3413,0.7977 
3414,0.8039 
3415,0.7985 
3416,0.8015 
3417,0.8010 
3418,0.8162 
3419,0.8268 
3420,0.8238 
3421,0.8289 
3422,0.8304 
3423,0.8255 
3424,0.8226 
3425,0.8232 
3426,0.8112 
3427,0.8113 
3428,0.8099 
3429,0.8086 
3430,0.8074 
3431,0.8110 
3432,0.8143 
3433,0.8204 
3434,0.8165 
3435,0.8192 
3436,0.8170 
3437,0.8149 
3438,0.8163 
3439,0.8128 
3440,0.8065 
3441,0.8118 
3442,0.8134 
3443,0.8102 
3444,0.7464 
3445,0.7499 
3446,0.7514 
3447,0.7638 
3448,0.7733 
3449,0.7819 
3450,0.7913 
3451,0.8012 
3452,0.8023 
3453,0.8033 
3454,0.8105
3455,0.8185 
3456,0.8179 
3457,0.8205 
3458,0.8056 
3459,0.8094 
3460,0.8051 
3461,0.8121 
3462,0.8168 
3463,0.8148 
3464,0.8161 
3465,0.8158 
3466,0.8076 
3467,0.8034 
3468,0.7950 
3469,0.8014 
3470,0.8009 
3471,0.7990 
3472,0.8019 
3473,0.8076 
3474,0.8066 
3475,0.8087 
3476,0.8153 
3477,0.8213 
3478,0.8267 
3479,0.8268 
3480,0.8316 
3481,0.8344 
3482,0.8322 
3483,0.8303 
3484,0.8269 
3485,0.8177 
3486,0.8250 
3487,0.8300 
3488,0.8360 
3489,0.8399 
3490,0.8356 
3491,0.8317 
3492,0.8251 
3493,0.8192 
3494,0.8216 
3495,0.8207 
3496,0.8262 
3497,0.8217 
3498,0.8254 
3499,0.8273 
3500,0.8289
3501,0.8226 
3502,0.8185 
3503,0.8225 
3504,0.8262 
3505,0.8264 
3506,0.8157 
3507,0.8122 
3508,0.8154 
3509,0.8151 
3510,0.8195 
3511,0.8282 
3512,0.8266 
3513,0.8236 
3514,0.8194 
3515,0.8203 
3516,0.8148 
3517,0.8146 
3518,0.8034 
3519,0.8043 
3520,0.7833 
3521,0.7862 
3522,0.7841 
3523,0.7839 
3524,0.7914 
3525,0.7998 
3526,0.7995 
3527,0.8117 
3528,0.8165 
3529,0.8223 
3530,0.8229 
3531,0.8156 
3532,0.8059 
3533,0.8082 
3534,0.8117 
3535,0.8087 
3536,0.8122 
3537,0.8122 
3538,0.8060 
3539,0.8066 
3540,0.8057 
3541,0.8157 
3542,0.8216 
3543,0.8207 
3544,0.8215 
3545,0.8237 
3546,0.8241 
3547,0.8230 
3548,0.8235 
3549,0.8302 
3550,0.8284 
3551,0.8175 
3552,0.8107 
3553,0.8093 
3554,0.8065 
3555,0.8087 
3556,0.8138 
3557,0.8152 
3558,0.8196 
3559,0.8095 
3560,0.8020 
3561,0.7952 
3562,0.7938 
3563,0.7863 
3564,0.7874 
3565,0.7852 
3566,0.7895 
3567,0.7902 
3568,0.7925 
3569,0.7976 
3570,0.8006 
3571,0.7925 
3572,0.7945 
3573,0.7963 
3574,0.7979 
3575,0.8009 
3576,0.8068 
3577,0.8042 
3578,0.7988 
3579,0.8017 
3580,0.8012 
3581,0.8024 
3582,0.7971 
3583,0.8018 
3584,0.8075 
3585,0.8018 
3586,0.7966 
3587,0.7920 
3588,0.7971 
3589,0.8034 
3590,0.8090 
3591,0.8140 
3592,0.8123 
3593,0.8170 
3594,0.8087 
3595,0.8107 
3596,0.8046 
3597,0.7991 
3598,0.8052 
3599,0.8012 
3600,0.8055
3601,0.8062 
3602,0.7396 
3603,0.7532 
3604,0.7607 
3605,0.7736 
3606,0.7822 
3607,0.7884 
3608,0.7955 
3609,0.7972 
3610,0.7909 
3611,0.7821
3612,0.7867 
3613,0.7846 
3614,0.7843 
3615,0.7918 
3616,0.7970 
3617,0.8001 
3618,0.7982 
3619,0.7950 
3620,0.7951 
3621,0.7953 
3622,0.7923 
3623,0.7928 
3624,0.7885 
3625,0.7940 
3626,0.7912 
3627,0.7918 
3628,0.8017 
3629,0.8012 
3630,0.7992 
3631,0.8068 
3632,0.8042 
3633,0.8050 
3634,0.7995 
3635,0.8071 
3636,0.8061 
3637,0.8020 
3638,0.8078 
3639,0.8176 
3640,0.8124 
3641,0.8155 
3642,0.8262 
3643,0.8186 
3644,0.8211 
3645,0.8218 
3646,0.8224 
3647,0.8136 
3648,0.8198 
3649,0.8206 
3650,0.8120 
3651,0.8151 
3652,0.8180 
3653,0.8221 
3654,0.8259 
3655,0.8277 
3656,0.8293 
3657,0.8370 
3658,0.8314 
3659,0.8326 
3660,0.8275 
3661,0.8260 
3662,0.8215 
3663,0.8206 
3664,0.8136 
3665,0.8181 
3666,0.8176 
3667,0.8202 
3668,0.8163 
3669,0.8128 
3670,0.8096 
3671,0.8084 
3672,0.8135 
3673,0.8071 
3674,0.8108 
3675,0.8031 
3676,0.7994 
3677,0.7913 
3678,0.7856 
3679,0.7789 
3680,0.7776 
3681,0.7858 
3682,0.7931 
3683,0.7998 
3684,0.7948 
3685,0.7966 
3686,0.7966 
3687,0.7919 
3688,0.7909 
3689,0.7977 
3690,0.8023 
3691,0.8049 
3692,0.8072 
3693,0.8046 
3694,0.8132 
3695,0.8147 
3696,0.8270 
3697,0.8240 
3698,0.8244 
3699,0.8201 
3700,0.8178
3701,0.8172 
3702,0.8152 
3703,0.8134 
3704,0.8039 
3705,0.8063 
3706,0.8023 
3707,0.7955 
3708,0.7972 
3709,0.7987 
3710,0.7970 
3711,0.7954 
3712,0.8033 
3713,0.8043 
3714,0.8082 
3715,0.8149 
3716,0.8084 
3717,0.8119 
3718,0.8073 
3719,0.8094 
3720,0.8128 
3721,0.8128 
3722,0.8081 
3723,0.8132 
3724,0.8084 
3725,0.8073 
3726,0.8062 
3727,0.8022 
3728,0.7985 
3729,0.7984 
3730,0.8045 
3731,0.8006 
3732,0.8018 
3733,0.8122 
3734,0.8232 
3735,0.8284 
3736,0.8252 
3737,0.8286 
3738,0.8255 
3739,0.8288 
3740,0.8319 
3741,0.8284 
3742,0.8299 
3743,0.8251 
3744,0.8207 
3745,0.8136 
3746,0.8119 
3747,0.8104 
3748,0.8028 
3749,0.8007 
3750,0.8065 
3751,0.8025 
3752,0.7988 
3753,0.8064 
3754,0.8179 
3755,0.8221 
3756,0.8196 
3757,0.8189 
3758,0.8151 
3759,0.8117 
3760,0.7415 
3761,0.7501 
3762,0.7548 
3763,0.7637 
3764,0.7608 
3765,0.7706 
3766,0.7764 
3767,0.7847 
3768,0.7922
3769,0.7973 
3770,0.8020 
3771,0.8093 
3772,0.8096 
3773,0.8068 
3774,0.8011 
3775,0.8069 
3776,0.8075 
3777,0.8080 
3778,0.8100 
3779,0.8149 
3780,0.8162 
3781,0.8174 
3782,0.8201 
3783,0.8115 
3784,0.8163 
3785,0.8097 
3786,0.8037 
3787,0.8030 
3788,0.8008 
3789,0.7895 
3790,0.7965 
3791,0.7997 
3792,0.8009 
3793,0.8146 
3794,0.8128 
3795,0.8190 
3796,0.8106 
3797,0.8092 
3798,0.8095 
3799,0.8114 
3800,0.8115
3801,0.8147 
3802,0.8192 
3803,0.8279 
3804,0.8357 
3805,0.8381 
3806,0.8402 
3807,0.8375 
3808,0.8334 
3809,0.8297 
3810,0.8202 
3811,0.8147 
3812,0.8114 
3813,0.8099 
3814,0.8102 
3815,0.8089 
3816,0.8124 
3817,0.8186 
3818,0.8149 
3819,0.8162 
3820,0.8158 
3821,0.8233 
3822,0.8175 
3823,0.8170 
3824,0.8182 
3825,0.8160 
3826,0.8204 
3827,0.8243 
3828,0.8121 
3829,0.8153 
3830,0.8135 
3831,0.8149 
3832,0.8194 
3833,0.8156 
3834,0.8231 
3835,0.8329 
3836,0.8309 
3837,0.8306 
3838,0.8241 
3839,0.8198 
3840,0.8160 
3841,0.8156 
3842,0.8044 
3843,0.7974 
3844,0.8051 
3845,0.7965 
3846,0.7997 
3847,0.8009 
3848,0.8052 
3849,0.8028 
3850,0.8132 
3851,0.8178 
3852,0.8188 
3853,0.8151 
3854,0.8054 
3855,0.8093 
3856,0.8002 
3857,0.7921 
3858,0.7926 
3859,0.7867 
3860,0.7799 
3861,0.7785 
3862,0.7819 
3863,0.7897 
3864,0.8013 
3865,0.8087 
3866,0.8153 
3867,0.8150 
3868,0.8148 
3869,0.8177 
3870,0.8140 
3871,0.8170 
3872,0.8134 
3873,0.8180 
3874,0.8253 
3875,0.8318 
3876,0.8236 
3877,0.8225 
3878,0.8075 
3879,0.8095 
3880,0.8067 
3881,0.8088 
3882,0.8123 
3883,0.8045 
3884,0.8022 
3885,0.8001 
3886,0.8092 
3887,0.8048 
3888,0.8071 
3889,0.8046 
3890,0.8053 
3891,0.8045 
3892,0.7959 
3893,0.8007 
3894,0.8003 
3895,0.7984 
3896,0.8045 
3897,0.8069 
3898,0.8090 
3899,0.8140 
3900,0.8217
3901,0.8286 
3902,0.8332 
3903,0.8312 
3904,0.8309 
3905,0.8368 
3906,0.8328 
3907,0.8230 
3908,0.8048 
3909,0.7977 
3910,0.7945 
3911,0.8026 
3912,0.8067 
3913,0.8010 
3914,0.8006 
3915,0.8080 
3916,0.8194 
3917,0.8172 
3918,0.7417 
3919,0.7519 
3920,0.7689 
3921,0.7764 
3922,0.7925 
3923,0.7914 
3924,0.7966 
3925,0.8013
3926,0.7931 
3927,0.7981 
3928,0.8074 
3929,0.8063 
3930,0.8038 
3931,0.7938 
3932,0.7925 
3933,0.7804 
3934,0.7930 
3935,0.8028 
3936,0.8069 
3937,0.8121 
3938,0.8153 
3939,0.8150 
3940,0.8273 
3941,0.8211 
3942,0.8234 
3943,0.8254 
3944,0.8132 
3945,0.8084 
3946,0.8010 
3947,0.8022 
3948,0.7954 
3949,0.7924 
3950,0.8007 
3951,0.8144 
3952,0.8251 
3953,0.8223 
3954,0.8197 
3955,0.8190 
3956,0.8246 
3957,0.8234 
3958,0.8270 
3959,0.8224 
3960,0.8277 
3961,0.8293 
3962,0.8323 
3963,0.8303 
3964,0.8348 
3965,0.8326 
3966,0.8415 
3967,0.8417 
3968,0.8372 
3969,0.8363 
3970,0.8433 
3971,0.8449 
3972,0.8307 
3973,0.8336 
3974,0.8315 
3975,0.8265 
3976,0.8204 
3977,0.8180 
3978,0.8097 
3979,0.8068 
3980,0.8058 
3981,0.8143 
3982,0.8126 
3983,0.8126 
3984,0.8141 
3985,0.8108 
3986,0.8079 
3987,0.8208 
3988,0.8075 
3989,0.8049 
3990,0.8041 
3991,0.8034 
3992,0.8058 
3993,0.8065 
3994,0.8102 
3995,0.8089 
3996,0.8108 
3997,0.8110 
3998,0.8111 
3999,0.8128 
4000,0.8128
4001,0.8096 
4002,0.8099 
4003,0.8102 
4004,0.8057 
4005,0.7970 
4006,0.7970 
4007,0.7970 
4008,0.8079 
4009,0.8099 
4010,0.8118 
4011,0.8103 
4012,0.8058 
4013,0.8096 
4014,0.8115 
4015,0.8084 
4016,0.8182 
4017,0.8161 
4018,0.8157 
4019,0.8076 
4020,0.8081 
4021,0.8101 
4022,0.8088 
4023,0.8123 
4024,0.8185 
4025,0.8304 
4026,0.8302 
4027,0.8284 
4028,0.8175 
4029,0.8170 
4030,0.8196 
4031,0.8142 
4032,0.8172 
4033,0.8120 
4034,0.8183 
4035,0.8193 
4036,0.8186 
4037,0.8274 
4038,0.8337 
4039,0.8300 
4040,0.8361 
4041,0.8353 
4042,0.8299 
4043,0.8250 
4044,0.8222 
4045,0.8197 
4046,0.8205 
4047,0.8213 
4048,0.8157 
4049,0.8185 
4050,0.8273 
4051,0.8274 
4052,0.8275 
4053,0.8260 
4054,0.8246 
4055,0.8140 
4056,0.8092 
4057,0.8111 
4058,0.8050 
4059,0.8073 
4060,0.8062 
4061,0.8100 
4062,0.8134 
4063,0.8039 
4064,0.8032 
4065,0.8010 
4066,0.7912 
4067,0.7918 
4068,0.7923 
4069,0.7928 
4070,0.7916 
4071,0.7953 
4072,0.8001 
4073,0.7982 
4074,0.7996 
4075,0.8025 
4076,0.7269 
4077,0.7292 
4078,0.7391 
4079,0.7465 
4080,0.7546 
4081,0.7698 
4082,0.7631
4083,0.7712 
4084,0.7691 
4085,0.7781 
4086,0.7878 
4087,0.7903 
4088,0.7894 
4089,0.7964 
4090,0.8011 
4091,0.8007 
4092,0.8034 
4093,0.8043 
4094,0.8051 
4095,0.8106 
4096,0.8155 
4097,0.8167 
4098,0.8163 
4099,0.8128 
4100,0.8096
4101,0.8130 
4102,0.8192 
4103,0.8201 
4104,0.8256 
4105,0.8243 
4106,0.8263 
4107,0.8280 
4108,0.8327 
4109,0.8369 
4110,0.8392 
4111,0.8365 
4112,0.8357 
4113,0.8224 
4114,0.8261 
4115,0.8247 
4116,0.8282 
4117,0.8282 
4118,0.8282 
4119,0.8282 
4120,0.8329 
4121,0.8340 
4122,0.8349 
4123,0.8358 
4124,0.8335 
4125,0.8283 
4126,0.8251 
4127,0.8145 
4128,0.8096 
4129,0.8161 
4130,0.8142 
4131,0.8094 
4132,0.8081 
4133,0.8070 
4134,0.8169 
4135,0.8258 
4136,0.8276 
4137,0.8308 
4138,0.8274 
4139,0.8275 
4140,0.8260 
4141,0.8168 
4142,0.8195 
4143,0.8110 
4144,0.8127 
4145,0.8127 
4146,0.8096 
4147,0.8083 
4148,0.8087 
4149,0.8091 
4150,0.8063 
4151,0.8116 
4152,0.8101 
4153,0.8151 
4154,0.8148 
4155,0.8224 
4156,0.8167 
4157,0.8163 
4158,0.8143 
4159,0.8157 
4160,0.8232 
4161,0.8284 
4162,0.8299 
4163,0.8219 
4164,0.8163 
4165,0.8175 
4166,0.8170 
4167,0.8197 
4168,0.8221 
4169,0.8164 
4170,0.8238 
4171,0.8227 
4172,0.8201 
4173,0.8194 
4174,0.8109 
4175,0.8126 
4176,0.8220 
4177,0.8148 
4178,0.8177 
4179,0.8171 
4180,0.8229 
4181,0.8219 
4182,0.8272 
4183,0.8273 
4184,0.8211 
4185,0.8156 
4186,0.8106 
4187,0.8076 
4188,0.8128 
4189,0.8175 
4190,0.8232 
4191,0.8268 
4192,0.8317 
4193,0.8157 
4194,0.8169 
4195,0.8165 
4196,0.8130 
4197,0.8082 
4198,0.8149 
4199,0.8162 
4200,0.8112
4201,0.8097 
4202,0.8116 
4203,0.8195 
4204,0.8141 
4205,0.8061 
4206,0.8083 
4207,0.8056 
4208,0.8110 
4209,0.8096 
4210,0.8067 
4211,0.8073 
4212,0.8016 
4213,0.8121 
4214,0.8121 
4215,0.8075 
4216,0.8048 
4217,0.8056 
4218,0.8141 
4219,0.8077 
4220,0.8082 
4221,0.8086 
4222,0.8012 
4223,0.8054 
4224,0.8030 
4225,0.8118 
4226,0.8087 
4227,0.8138 
4228,0.8168 
4229,0.8085 
4230,0.8136 
4231,0.8198 
4232,0.8206 
4233,0.8198 
4234,0.7534 
4235,0.7578 
4236,0.7695 
4237,0.7691 
4238,0.7750 
4239,0.7819
4240,0.7771 
4241,0.7775 
4242,0.7748 
4243,0.7739 
4244,0.7746 
4245,0.7862 
4246,0.7935 
4247,0.7970 
4248,0.7985 
4249,0.8015 
4250,0.8089 
4251,0.8092 
4252,0.8127 
4253,0.8111 
4254,0.7987 
4255,0.8048 
4256,0.8149 
4257,0.8163 
4258,0.8190 
4259,0.8137 
4260,0.8136 
4261,0.8088 
4262,0.8107 
4263,0.8109 
4264,0.8173 
4265,0.8168 
4266,0.8039 
4267,0.8047 
4268,0.8086 
4269,0.8184 
4270,0.8131 
4271,0.8084 
4272,0.8119 
4273,0.8182 
4274,0.8192 
4275,0.8139 
4276,0.8059 
4277,0.8003 
4278,0.8078 
4279,0.8114 
4280,0.8131 
4281,0.8052 
4282,0.8090 
4283,0.8031 
4284,0.8119 
4285,0.8244 
4286,0.8233 
4287,0.8316 
4288,0.8218 
4289,0.8162 
4290,0.8174 
4291,0.8200 
4292,0.8271 
4293,0.8225 
4294,0.8246 
4295,0.8250 
4296,0.8222 
4297,0.8165 
4298,0.8177 
4299,0.8156 
4300,0.8153
4301,0.8119 
4302,0.8135 
4303,0.8103 
4304,0.8105 
4305,0.8123 
4306,0.8154 
4307,0.8151 
4308,0.8117 
4309,0.7993 
4310,0.8022 
4311,0.8032 
4312,0.8057 
4313,0.8095 
4314,0.8036 
4315,0.8029 
4316,0.8039 
4317,0.8032 
4318,0.8103 
4319,0.8106 
4320,0.8170 
4321,0.8087 
4322,0.8091 
4323,0.8063 
4324,0.8054 
4325,0.8045 
4326,0.8006 
4327,0.8065 
4328,0.8102 
4329,0.8152 
4330,0.8149 
4331,0.8146 
4332,0.8144 
4333,0.8142 
4334,0.8203 
4335,0.8258 
4336,0.8307 
4337,0.8258 
4338,0.8307 
4339,0.8414 
4340,0.8354 
4341,0.8424 
4342,0.8363 
4343,0.8355 
4344,0.8332 
4345,0.8249 
4346,0.8174 
4347,0.8138 
4348,0.8199 
4349,0.8145 
4350,0.8096 
4351,0.8161 
4352,0.8173 
4353,0.8231 
4354,0.8267 
4355,0.8316 
4356,0.8312 
4357,0.8387 
4358,0.8455 
4359,0.8390 
4360,0.8395 
4361,0.8368 
4362,0.8359 
4363,0.8289 
4364,0.8288 
4365,0.8241 
4366,0.8292 
4367,0.8338 
4368,0.8316 
4369,0.8344 
4370,0.8322 
4371,0.8193 
4372,0.8217 
4373,0.8255 
4374,0.8289 
4375,0.8210 
4376,0.8139 
4377,0.8138 
4378,0.8058 
4379,0.7956 
4380,0.8004 
4381,0.7985 
4382,0.8046 
4383,0.8069 
4384,0.8106 
4385,0.8155 
4386,0.8152 
4387,0.8227 
4388,0.8217 
4389,0.8270 
4390,0.8225 
4391,0.8261 
4392,0.7498 
4393,0.7529 
4394,0.7651 
4395,0.7652 
4396,0.7715
4397,0.7803 
4398,0.7851 
4399,0.7878 
4400,0.7965
4401,0.8028 
4402,0.7991 
4403,0.7957 
4404,0.8037 
4405,0.7999 
4406,0.8011 
4407,0.8054 
4408,0.7967 
4409,0.8030 
4410,0.8055 
4411,0.8062 
4412,0.8100 
4413,0.8102 
4414,0.8042 
4415,0.8097 
4416,0.8131 
4417,0.8115 
4418,0.8053 
4419,0.8107 
4420,0.8172 
4421,0.8120 
4422,0.8089 
4423,0.8109 
4424,0.7985 
4425,0.7874 
4426,0.7868 
4427,0.7925 
4428,0.7867 
4429,0.7924 
4430,0.8022 
4431,0.8001 
4432,0.7982 
4433,0.8043 
4434,0.8020 
4435,0.8046 
4436,0.7961 
4437,0.7993 
4438,0.8006 
4439,0.7908 
4440,0.7946 
4441,0.8073 
4442,0.8047 
4443,0.8086 
4444,0.8137 
4445,0.8182 
4446,0.8177 
4447,0.8234 
4448,0.8239 
4449,0.8337 
4450,0.8394 
4451,0.8429 
4452,0.8430 
4453,0.8493 
4454,0.8394 
4455,0.8367 
4456,0.8312 
4457,0.8231 
4458,0.8220 
4459,0.8179 
4460,0.8174 
4461,0.8216 
4462,0.8254 
4463,0.8334 
4464,0.8392 
4465,0.8427 
4466,0.8319 
4467,0.8284 
4468,0.8237 
4469,0.8226 
4470,0.8247 
4471,0.8188 
4472,0.8150 
4473,0.8054 
4474,0.8045 
4475,0.8085 
4476,0.8120 
4477,0.8136 
4478,0.8229 
4479,0.8250 
4480,0.8268 
4481,0.8332 
4482,0.8390 
4483,0.8269 
4484,0.8192 
4485,0.8201 
4486,0.8116 
4487,0.8117 
4488,0.8024 
4489,0.8034 
4490,0.7980 
4491,0.8120 
4492,0.8152 
4493,0.8180 
4494,0.8237 
4495,0.8351 
4496,0.8406 
4497,0.8472 
4498,0.8437 
4499,0.8422 
4500,0.8392
4501,0.8225 
4502,0.8215 
4503,0.8190 
4504,0.8152 
4505,0.8134 
4506,0.8164 
4507,0.8176 
4508,0.8187 
4509,0.8290 
4510,0.8258 
4511,0.8307 
4512,0.8367 
4513,0.8405 
4514,0.8471 
4515,0.8452 
4516,0.8388 
4517,0.8362 
4518,0.8291 
4519,0.8259 
4520,0.8246 
4521,0.8265 
4522,0.8282 
4523,0.8173 
4524,0.8183 
4525,0.8256 
4526,0.8274 
4527,0.8321 
4528,0.8333 
4529,0.8375 
4530,0.8444 
4531,0.8396 
4532,0.8306 
4533,0.8273 
4534,0.8211 
4535,0.8234 
4536,0.8192 
4537,0.8185 
4538,0.8163 
4539,0.8175 
4540,0.8123 
4541,0.8123 
4542,0.8170 
4543,0.8150 
4544,0.8179 
4545,0.8142 
4546,0.8172 
4547,0.8120 
4548,0.8090 
4549,0.8124 
4550,0.7390 
4551,0.7401 
4552,0.7442 
4553,0.7542
4554,0.7647 
4555,0.7726 
4556,0.7797 
4557,0.7924 
4558,0.7928 
4559,0.7932 
4560,0.7936 
4561,0.7814 
4562,0.7908 
4563,0.8023 
4564,0.8080 
4565,0.8069 
4566,0.8122 
4567,0.8044 
4568,0.7927 
4569,0.8009 
4570,0.8052 
4571,0.8153 
4572,0.8119 
4573,0.8057 
4574,0.8064 
4575,0.8133 
4576,0.8163 
4577,0.8159 
4578,0.8125 
4579,0.8187 
4580,0.8197 
4581,0.8205 
4582,0.8322 
4583,0.8427 
4584,0.8397 
4585,0.8432 
4586,0.8402 
4587,0.8296 
4588,0.8310 
4589,0.8354 
4590,0.8237 
4591,0.8273 
4592,0.8227 
4593,0.8170 
4594,0.8228 
4595,0.8233 
4596,0.8207 
4597,0.8074 
4598,0.8079 
4599,0.8021 
4600,0.7984
4601,0.7983 
4602,0.7966 
4603,0.7935 
4604,0.8001 
4605,0.8013 
4606,0.7962 
4607,0.8009 
4608,0.8083 
4609,0.8009 
4610,0.8052 
4611,0.8169 
4612,0.8211 
4613,0.8218 
4614,0.8240 
4615,0.8260 
4616,0.8247 
4617,0.8266 
4618,0.8220 
4619,0.8148 
4620,0.8240 
4621,0.8244 
4622,0.8216 
4623,0.8129 
4624,0.8160 
4625,0.8156 
4626,0.8138 
4627,0.8121 
4628,0.8168 
4629,0.8211 
4630,0.8233 
4631,0.8285 
4632,0.8269 
4633,0.8255 
4634,0.8226 
4635,0.8169 
4636,0.8290 
4637,0.8242 
4638,0.8199 
4639,0.8192 
4640,0.8247 
4641,0.8251 
4642,0.8332 
4643,0.8280 
4644,0.8280 
4645,0.8265 
4646,0.8282 
4647,0.8297 
4648,0.8296 
4649,0.8248 
4650,0.8220 
4651,0.8116 
4652,0.8070 
4653,0.8138 
4654,0.8153 
4655,0.8181 
4656,0.8254 
4657,0.8241 
4658,0.8214 
4659,0.8236 
4660,0.8225 
4661,0.8324 
4662,0.8289 
4663,0.8304 
4664,0.8286 
4665,0.8223 
4666,0.8229 
4667,0.8265 
4668,0.8298 
4669,0.8328 
4670,0.8245 
4671,0.8264 
4672,0.8219 
4673,0.8256 
4674,0.8290 
4675,0.8274 
4676,0.8321 
4677,0.8302 
4678,0.8206 
4679,0.8229 
4680,0.8219 
4681,0.8241 
4682,0.8229 
4683,0.8250 
4684,0.8112 
4685,0.8020 
4686,0.8030 
4687,0.8055 
4688,0.8016 
4689,0.8026 
4690,0.8021 
4691,0.8109 
4692,0.8189 
4693,0.8167 
4694,0.8163 
4695,0.8221 
4696,0.8181 
4697,0.8159 
4698,0.8187 
4699,0.8243 
4700,0.8200
4701,0.8193 
4702,0.8077 
4703,0.8082 
4704,0.8117 
4705,0.8149 
4706,0.8115 
4707,0.8179 
4708,0.7470 
4709,0.7583 
4710,0.7715
