1,0.0000 
2,0.1547 
3,0.1688 
4,0.5109 
5,0.5575 
6,0.5004 
7,0.4908 
8,0.4345 
9,0.4940 
10,0.5048 
11,0.5617 
12,0.5410 
13,0.5167 
14,0.5546 
15,0.5883 
16,0.6138 
17,0.6066 
18,0.5643 
19,0.5689 
20,0.5919 
21,0.5925 
22,0.6116 
23,0.6155 
24,0.6182 
25,0.6115 
26,0.6440 
27,0.6271 
28,0.6305 
29,0.6443 
30,0.6694 
31,0.6627 
32,0.6648 
33,0.6972 
34,0.6918 
35,0.6778 
36,0.6798 
37,0.6970 
38,0.7012 
39,0.7106 
40,0.7062 
41,0.7057 
42,0.7165 
43,0.7279 
44,0.7290 
45,0.7379 
46,0.7477 
47,0.7660 
48,0.6579 
49,0.6774 
50,0.6984 
51,0.6967 
52,0.6977 
53,0.7123 
54,0.7223 
55,0.7397 
56,0.7499 
57,0.7629 
58,0.7675 
59,0.7862 
60,0.7938 
61,0.8044 
62,0.8155 
63,0.8290 
64,0.8171 
65,0.8281 
66,0.8319 
67,0.8258 
68,0.8354 
69,0.8491 
70,0.8449 
71,0.8537 
72,0.8596 
73,0.8630 
74,0.8712 
75,0.8750 
76,0.8867 
77,0.8904 
78,0.8872 
79,0.8924
80,0.9034 
81,0.9132 
82,0.9125 
83,0.9103 
84,0.9099 
85,0.9095 
86,0.9123 
87,0.9164 
88,0.9170 
89,0.9206 
90,0.9223 
91,0.9238 
92,0.9236 
93,0.9234 
94,0.9248 
95,0.9183 
96,0.9218 
97,0.9249 
98,0.9262 
99,0.9304 
100,0.9202
101,0.9188 
102,0.9160 
103,0.9072 
104,0.9134 
105,0.9142 
106,0.9118 
107,0.9175 
108,0.9133 
109,0.9157 
110,0.9210 
111,0.9227 
112,0.9288 
113,0.9297 
114,0.9289 
115,0.9313 
116,0.9335 
117,0.9386 
118,0.9369 
119,0.9370 
120,0.9355 
121,0.9357 
122,0.9390 
123,0.9357 
124,0.9343 
125,0.9346 
126,0.9381 
127,0.9396 
128,0.8675 
129,0.8682 
130,0.8736 
131,0.8815 
132,0.8887 
133,0.8951 
134,0.9009 
135,0.9077 
136,0.9091 
137,0.9151 
138,0.9189 
139,0.9161 
140,0.9213 
141,0.9261 
142,0.9272 
143,0.9314 
144,0.9273 
145,0.9299 
146,0.9291 
147,0.9331 
148,0.9351 
149,0.9322 
150,0.9343 
151,0.9346 
152,0.9318 
153,0.9308 
154,0.9283 
155,0.9246 
156,0.9212 
157,0.9275 
158,0.9222
159,0.9238 
160,0.9314 
161,0.9382 
162,0.9304 
163,0.9311 
164,0.9348 
165,0.9382 
166,0.9335 
167,0.9307 
168,0.9252 
169,0.9233 
170,0.9216 
171,0.9263 
172,0.9274 
173,0.9269 
174,0.9279 
175,0.9258 
176,0.9269 
177,0.9311 
178,0.9302 
179,0.9325 
180,0.9361 
181,0.9378 
182,0.9393 
183,0.9438 
184,0.9432 
185,0.9426 
186,0.9390 
187,0.9404 
188,0.9448 
189,0.9472 
190,0.9431 
191,0.9425 
192,0.9389 
193,0.9403 
194,0.9463 
195,0.9454 
196,0.9462 
197,0.9469 
198,0.9475 
199,0.9465 
200,0.9487
201,0.9539 
202,0.9522 
203,0.9570 
204,0.9597 
205,0.9606 
206,0.9599 
207,0.9577 
208,0.8822 
209,0.8909 
210,0.8971 
211,0.9027 
212,0.9093 
213,0.9184 
214,0.9250 
215,0.9293 
216,0.9317 
217,0.9370 
218,0.9370 
219,0.9418 
220,0.9429 
221,0.9455 
222,0.9478 
223,0.9483 
224,0.9504 
225,0.9507 
226,0.9540 
227,0.9508 
228,0.9526 
229,0.9542 
230,0.9557 
231,0.9554 
232,0.9568 
233,0.9595 
234,0.9604 
235,0.9581 
236,0.9623 
237,0.9614
238,0.9606 
239,0.9614 
240,0.9653 
241,0.9687 
242,0.9687 
243,0.9687 
244,0.9719 
245,0.9747 
246,0.9725 
247,0.9721 
248,0.9734 
249,0.9760 
250,0.9769 
251,0.9792 
252,0.9797 
253,0.9786 
254,0.9761 
255,0.9769 
256,0.9745 
257,0.9739 
258,0.9765 
259,0.9726 
260,0.9738 
261,0.9749 
262,0.9727 
263,0.9754 
264,0.9748 
265,0.9742 
266,0.9767 
267,0.9791 
268,0.9796 
269,0.9801 
270,0.9789 
271,0.9795 
272,0.9706 
273,0.9720 
274,0.9717 
275,0.9729 
276,0.9741 
277,0.9720 
278,0.9748 
279,0.9711 
280,0.9724 
281,0.9720 
282,0.9717 
283,0.9730 
284,0.9725 
285,0.9737 
286,0.9685 
287,0.9654 
288,0.8892 
289,0.8940 
290,0.9015 
291,0.9098 
292,0.9188 
293,0.9269 
294,0.9327 
295,0.9363 
296,0.9411 
297,0.9470 
298,0.9492 
299,0.9527 
300,0.9559
301,0.9571 
302,0.9583 
303,0.9609 
304,0.9617 
305,0.9655 
306,0.9690 
307,0.9689 
308,0.9689 
309,0.9720 
310,0.9717 
311,0.9730 
312,0.9741 
313,0.9767 
314,0.9775 
315,0.9782 
316,0.9788
317,0.9762 
318,0.9786 
319,0.9792 
320,0.9813 
321,0.9831 
322,0.9848 
323,0.9848 
324,0.9816 
325,0.9803 
326,0.9792 
327,0.9781 
328,0.9741 
329,0.9751 
330,0.9760 
331,0.9784 
332,0.9775 
333,0.9781 
334,0.9772 
335,0.9764 
336,0.9725 
337,0.9737 
338,0.9747 
339,0.9757 
340,0.9781 
341,0.9772 
342,0.9748 
343,0.9773 
344,0.9780 
345,0.9771 
346,0.9778 
347,0.9753 
348,0.9747 
349,0.9741 
350,0.9767 
351,0.9759 
352,0.9752 
353,0.9777 
354,0.9799 
355,0.9803 
356,0.9823 
357,0.9763 
358,0.9771 
359,0.9778 
360,0.9769 
361,0.9745 
362,0.9755 
363,0.9764 
364,0.9709 
365,0.9692 
366,0.9722 
367,0.9703 
368,0.8936 
369,0.8761 
370,0.8666 
371,0.8737 
372,0.8832 
373,0.8949 
374,0.9007 
375,0.9028 
376,0.9063 
377,0.9126 
378,0.9213 
379,0.9245 
380,0.9242 
381,0.9287 
382,0.9327 
383,0.9363 
384,0.9395 
385,0.9425 
386,0.9482 
387,0.9503 
388,0.9537 
389,0.9567 
390,0.9595 
391,0.9604 
392,0.9613 
393,0.9589 
394,0.9599 
395,0.9608
396,0.9647 
397,0.9682 
398,0.9651 
399,0.9686 
400,0.9718
401,0.9746 
402,0.9724 
403,0.9721 
404,0.9749 
405,0.9743 
406,0.9737 
407,0.9748 
408,0.9742 
409,0.9752 
410,0.9777 
411,0.9768 
412,0.9791 
413,0.9796 
414,0.9801 
415,0.9805 
416,0.9794 
417,0.9814 
418,0.9802 
419,0.9790 
420,0.9749 
421,0.9727 
422,0.9739 
423,0.9749 
424,0.9743 
425,0.9722 
426,0.9718 
427,0.9731 
428,0.9695 
429,0.9726 
430,0.9722 
431,0.9703 
432,0.9733 
433,0.9712 
434,0.9679 
435,0.9711 
436,0.9740 
437,0.9703 
438,0.9717 
439,0.9730 
440,0.9710 
441,0.9708 
442,0.9737 
443,0.9748 
444,0.9773 
445,0.9780 
446,0.9771 
447,0.9778 
448,0.9066 
449,0.9097 
450,0.9171 
451,0.9239 
452,0.9299 
453,0.9338 
454,0.9389 
455,0.9419 
456,0.9430 
457,0.9440 
458,0.9449 
459,0.9489 
460,0.9508 
461,0.9526 
462,0.9527 
463,0.9543 
464,0.9573 
465,0.9600 
466,0.9593 
467,0.9587 
468,0.9566 
469,0.9609 
470,0.9617 
471,0.9640 
472,0.9644 
473,0.9602 
474,0.9610
475,0.9618 
476,0.9641 
477,0.9645 
478,0.9634 
479,0.9671 
480,0.9704 
481,0.9733 
482,0.9744 
483,0.9770 
484,0.9762 
485,0.9770 
486,0.9777 
487,0.9784 
488,0.9774 
489,0.9781 
490,0.9803 
491,0.9791 
492,0.9781 
493,0.9772 
494,0.9763 
495,0.9787 
496,0.9761 
497,0.9785 
498,0.9713 
499,0.9695 
500,0.9678
501,0.9648 
502,0.9668 
503,0.9670 
504,0.9671 
505,0.9673 
506,0.9690 
507,0.9721 
508,0.9733 
509,0.9713 
510,0.9711 
511,0.9724 
512,0.9752 
513,0.9761 
514,0.9707 
515,0.9705 
516,0.9734 
517,0.9761 
518,0.9753 
519,0.9747 
520,0.9772 
521,0.9732 
522,0.9744 
523,0.9754 
524,0.9778 
525,0.9785 
526,0.9759 
527,0.9768 
528,0.8979 
529,0.9081 
530,0.9110 
531,0.9199 
532,0.9264 
533,0.9322 
534,0.9327 
535,0.9394 
536,0.9408 
537,0.9420 
538,0.9447 
539,0.9502 
540,0.9521 
541,0.9569 
542,0.9612 
543,0.9604 
544,0.9612 
545,0.9635 
546,0.9672 
547,0.9705 
548,0.9703 
549,0.9733 
550,0.9728 
551,0.9740 
552,0.9750 
553,0.9775
554,0.9782 
555,0.9788 
556,0.9794 
557,0.9783 
558,0.9789 
559,0.9795 
560,0.9815 
561,0.9834 
562,0.9803 
563,0.9792 
564,0.9813 
565,0.9784 
566,0.9775 
567,0.9782 
568,0.9804 
569,0.9808 
570,0.9811 
571,0.9799 
572,0.9819 
573,0.9837 
574,0.9760 
575,0.9752 
576,0.9730 
577,0.9742 
578,0.9736 
579,0.9747 
580,0.9757 
581,0.9781 
582,0.9787 
583,0.9793 
584,0.9782 
585,0.9773 
586,0.9764 
587,0.9725 
588,0.9722 
589,0.9687 
590,0.9703 
591,0.9701 
592,0.9684 
593,0.9684 
594,0.9669 
595,0.9702 
596,0.9716 
597,0.9745 
598,0.9755 
599,0.9764 
600,0.9772
601,0.9748 
602,0.9773 
603,0.9796 
604,0.9800 
605,0.9805 
606,0.9809 
607,0.9796 
608,0.8989 
609,0.9074 
610,0.9151 
611,0.9220 
612,0.9283 
613,0.9339 
614,0.9374 
615,0.9405 
616,0.9433 
617,0.9474 
618,0.9527 
619,0.9574 
620,0.9601 
621,0.9641 
622,0.9630 
623,0.9636 
624,0.9641 
625,0.9661 
626,0.9648 
627,0.9683 
628,0.9699 
629,0.9730 
630,0.9694 
631,0.9709 
632,0.9723
633,0.9750 
634,0.9728 
635,0.9740 
636,0.9766 
637,0.9774 
638,0.9796 
639,0.9817 
640,0.9835 
641,0.9852 
642,0.9835 
643,0.9852 
644,0.9851 
645,0.9866 
646,0.9879 
647,0.9829 
648,0.9846 
649,0.9846 
650,0.9861 
651,0.9875 
652,0.9856 
653,0.9839 
654,0.9840 
655,0.9809 
656,0.9812 
657,0.9816 
658,0.9787 
659,0.9793 
660,0.9814 
661,0.9801 
662,0.9821 
663,0.9823 
664,0.9841 
665,0.9857 
666,0.9840 
667,0.9856 
668,0.9870 
669,0.9868 
670,0.9881 
671,0.9861 
672,0.9860 
673,0.9874 
674,0.9855 
675,0.9838 
676,0.9823 
677,0.9810 
678,0.9797 
679,0.9786 
680,0.9777 
681,0.9783 
682,0.9789 
683,0.9732 
684,0.9681 
685,0.9713 
686,0.9710 
687,0.9739 
688,0.8953 
689,0.9026 
690,0.9077 
691,0.9138 
692,0.9224 
693,0.9302 
694,0.9372 
695,0.9419 
696,0.9461 
697,0.9468 
698,0.9521 
699,0.9554 
700,0.9583
701,0.9593 
702,0.9634 
703,0.9624 
704,0.9661 
705,0.9679 
706,0.9680 
707,0.9712 
708,0.9725 
709,0.9753 
710,0.9746 
711,0.9772
712,0.9795 
713,0.9799 
714,0.9819 
715,0.9822 
716,0.9808 
717,0.9828 
718,0.9814 
719,0.9832 
720,0.9849 
721,0.9864 
722,0.9878 
723,0.9890 
724,0.9885 
725,0.9866 
726,0.9863 
727,0.9877 
728,0.9874 
729,0.9886 
730,0.9898 
731,0.9908 
732,0.9917 
733,0.9863 
734,0.9861 
735,0.9844 
736,0.9828 
737,0.9845 
738,0.9829 
739,0.9800 
740,0.9820 
741,0.9791 
742,0.9780 
743,0.9771 
744,0.9794 
745,0.9815 
746,0.9818 
747,0.9820 
748,0.9807 
749,0.9795 
750,0.9800 
751,0.9773 
752,0.9780 
753,0.9755 
754,0.9702 
755,0.9731 
756,0.9743 
757,0.9753 
758,0.9762 
759,0.9739 
760,0.9749 
761,0.9774 
762,0.9766 
763,0.9758 
764,0.9766 
765,0.9774 
766,0.9781 
767,0.9803 
768,0.9088 
769,0.9164 
770,0.9232 
771,0.9277 
772,0.9350 
773,0.9383 
774,0.9414 
775,0.9472 
776,0.9525 
777,0.9541 
778,0.9572 
779,0.9599 
780,0.9623 
781,0.9630 
782,0.9620 
783,0.9627 
784,0.9633 
785,0.9607 
786,0.9646 
787,0.9682 
788,0.9682 
789,0.9698 
790,0.9697
791,0.9681 
792,0.9666 
793,0.9668 
794,0.9701 
795,0.9731 
796,0.9742 
797,0.9768 
798,0.9776 
799,0.9782 
800,0.9804
801,0.9824 
802,0.9826 
803,0.9828 
804,0.9829 
805,0.9815 
806,0.9834 
807,0.9819 
808,0.9821 
809,0.9839 
810,0.9840 
811,0.9856 
812,0.9870 
813,0.9852 
814,0.9851 
815,0.9819 
816,0.9822 
817,0.9808 
818,0.9812 
819,0.9831 
820,0.9832 
821,0.9817 
822,0.9820 
823,0.9822 
824,0.9793 
825,0.9814 
826,0.9817 
827,0.9835 
828,0.9789 
829,0.9795 
830,0.9800 
831,0.9804 
832,0.9824 
833,0.9826 
834,0.9843 
835,0.9859 
836,0.9873 
837,0.9886 
838,0.9881 
839,0.9878 
840,0.9859 
841,0.9857 
842,0.9856 
843,0.9870 
844,0.9868 
845,0.9850 
846,0.9849 
847,0.9864 
848,0.9112 
849,0.9201 
850,0.9281 
851,0.9337 
852,0.9388 
853,0.9418 
854,0.9460 
855,0.9483 
856,0.9519 
857,0.9536 
858,0.9535 
859,0.9582 
860,0.9561 
861,0.9589 
862,0.9599 
863,0.9608 
864,0.9647 
865,0.9683 
866,0.9699 
867,0.9713 
868,0.9742 
869,0.9768
870,0.9760 
871,0.9768 
872,0.9791 
873,0.9781 
874,0.9803 
875,0.9791 
876,0.9797 
877,0.9817 
878,0.9820 
879,0.9775 
880,0.9798 
881,0.9818 
882,0.9805 
883,0.9809 
884,0.9797 
885,0.9801 
886,0.9821 
887,0.9808 
888,0.9827 
889,0.9829 
890,0.9830 
891,0.9832 
892,0.9817 
893,0.9835 
894,0.9836 
895,0.9837 
896,0.9822 
897,0.9793 
898,0.9782 
899,0.9773 
900,0.9764
901,0.9788 
902,0.9794 
903,0.9799 
904,0.9803 
905,0.9807 
906,0.9826 
907,0.9828 
908,0.9845 
909,0.9814 
910,0.9817 
911,0.9820 
912,0.9806 
913,0.9795 
914,0.9784 
915,0.9759 
916,0.9751 
917,0.9729 
918,0.9741 
919,0.9751 
920,0.9760 
921,0.9784 
922,0.9759 
923,0.9783 
924,0.9789 
925,0.9810 
926,0.9798 
927,0.9803 
928,0.9072 
929,0.9149 
930,0.9235 
931,0.9280 
932,0.9321 
933,0.9342 
934,0.9376 
935,0.9423 
936,0.9434 
937,0.9444 
938,0.9468 
939,0.9521 
940,0.9569 
941,0.9565 
942,0.9531 
943,0.9546 
944,0.9592 
945,0.9617 
946,0.9624 
947,0.9646 
948,0.9681
949,0.9713 
950,0.9726 
951,0.9738 
952,0.9749 
953,0.9774 
954,0.9796 
955,0.9801 
956,0.9790 
957,0.9795 
958,0.9816 
959,0.9818 
960,0.9837 
961,0.9853 
962,0.9868 
963,0.9881 
964,0.9862 
965,0.9875 
966,0.9888 
967,0.9899 
968,0.9894 
969,0.9889 
970,0.9868 
971,0.9850 
972,0.9834 
973,0.9835 
974,0.9836 
975,0.9837 
976,0.9822 
977,0.9808 
978,0.9812 
979,0.9831 
980,0.9848 
981,0.9816 
982,0.9788 
983,0.9762 
984,0.9770 
985,0.9762 
986,0.9754 
987,0.9748 
988,0.9742 
989,0.9721 
990,0.9749 
991,0.9727 
992,0.9707 
993,0.9737 
994,0.9747 
995,0.9773 
996,0.9795 
997,0.9800 
998,0.9820 
999,0.9838 
1000,0.9839
1001,0.9855 
1002,0.9869 
1003,0.9867 
1004,0.9818 
1005,0.9805 
1006,0.9777 
1007,0.9800 
1008,0.8945 
1009,0.9050 
1010,0.9145 
1011,0.9231 
1012,0.9245 
1013,0.9305 
1014,0.9312 
1015,0.9381 
1016,0.9427 
1017,0.9484 
1018,0.9520 
1019,0.9521 
1020,0.9538 
1021,0.9569 
1022,0.9596 
1023,0.9621 
1024,0.9628 
1025,0.9665 
1026,0.9683 
1027,0.9714
1028,0.9712 
1029,0.9725 
1030,0.9752 
1031,0.9746 
1032,0.9756 
1033,0.9749 
1034,0.9758 
1035,0.9783 
1036,0.9789 
1037,0.9747 
1038,0.9773 
1039,0.9733 
1040,0.9635 
1041,0.9546 
1042,0.9576 
1043,0.9603 
1044,0.9595 
1045,0.9620 
1046,0.9627 
1047,0.9586 
1048,0.9612 
1049,0.9635 
1050,0.9625 
1051,0.9662 
1052,0.9680 
1053,0.9697 
1054,0.9727 
1055,0.9739 
1056,0.9765 
1057,0.9788 
1058,0.9810 
1059,0.9797 
1060,0.9818 
1061,0.9836 
1062,0.9837 
1063,0.9837 
1064,0.9838 
1065,0.9823 
1066,0.9825 
1067,0.9843 
1068,0.9858 
1069,0.9857 
1070,0.9871 
1071,0.9884 
1072,0.9880 
1073,0.9876 
1074,0.9889 
1075,0.9869 
1076,0.9882 
1077,0.9894 
1078,0.9889 
1079,0.9853 
1080,0.9836 
1081,0.9806 
1082,0.9825 
1083,0.9796 
1084,0.9785 
1085,0.9744 
1086,0.9754 
1087,0.9732 
1088,0.8930 
1089,0.9022 
1090,0.9088 
1091,0.9148 
1092,0.9140 
1093,0.9226 
1094,0.9256 
1095,0.9331 
1096,0.9366 
1097,0.9414 
1098,0.9457 
1099,0.9480 
1100,0.9501
1101,0.9535 
1102,0.9582 
1103,0.9577 
1104,0.9603 
1105,0.9643 
1106,0.9632
1107,0.9637 
1108,0.9627 
1109,0.9602 
1110,0.9626 
1111,0.9648 
1112,0.9652 
1113,0.9671 
1114,0.9704 
1115,0.9702 
1116,0.9716 
1117,0.9745 
1118,0.9739 
1119,0.9765 
1120,0.9789 
1121,0.9810 
1122,0.9829 
1123,0.9815 
1124,0.9833 
1125,0.9834 
1126,0.9851 
1127,0.9834 
1128,0.9851 
1129,0.9835 
1130,0.9836 
1131,0.9821 
1132,0.9807 
1133,0.9811 
1134,0.9830 
1135,0.9800 
1136,0.9789 
1137,0.9794 
1138,0.9799 
1139,0.9741 
1140,0.9736 
1141,0.9747 
1142,0.9772 
1143,0.9795 
1144,0.9800 
1145,0.9820 
1146,0.9838 
1147,0.9776 
1148,0.9798 
1149,0.9787 
1150,0.9793 
1151,0.9798 
1152,0.9803 
1153,0.9822 
1154,0.9840 
1155,0.9840 
1156,0.9841 
1157,0.9841 
1158,0.9826 
1159,0.9827 
1160,0.9767 
1161,0.9790 
1162,0.9811 
1163,0.9830 
1164,0.9816 
1165,0.9834 
1166,0.9851 
1167,0.9866 
1168,0.9098 
1169,0.9172 
1170,0.9240 
1171,0.9269 
1172,0.9326 
1173,0.9378 
1174,0.9393 
1175,0.9423 
1176,0.9480 
1177,0.9501 
1178,0.9520 
1179,0.9537 
1180,0.9552 
1181,0.9596 
1182,0.9621 
1183,0.9612 
1184,0.9620 
1185,0.9611
1186,0.9634 
1187,0.9671 
1188,0.9688 
1189,0.9688 
1190,0.9672 
1191,0.9705 
1192,0.9735 
1193,0.9746 
1194,0.9740 
1195,0.9750 
1196,0.9744 
1197,0.9769 
1198,0.9746 
1199,0.9755 
1200,0.9780
1201,0.9802 
1202,0.9822 
1203,0.9808 
1204,0.9781 
1205,0.9787 
1206,0.9793 
1207,0.9798 
1208,0.9755 
1209,0.9780 
1210,0.9786 
1211,0.9808 
1212,0.9764 
1213,0.9710 
1214,0.9739 
1215,0.9749 
1216,0.9774 
1217,0.9781 
1218,0.9788 
1219,0.9809 
1220,0.9828 
1221,0.9814 
1222,0.9786 
1223,0.9776 
1224,0.9783 
1225,0.9789 
1226,0.9763 
1227,0.9771 
1228,0.9747 
1229,0.9772 
1230,0.9795 
1231,0.9800 
1232,0.9789 
1233,0.9810 
1234,0.9798 
1235,0.9818 
1236,0.9820 
1237,0.9807 
1238,0.9780 
1239,0.9770 
1240,0.9762 
1241,0.9755 
1242,0.9748 
1243,0.9742 
1244,0.9768 
1245,0.9760 
1246,0.9784 
1247,0.9805 
1248,0.8997 
1249,0.9019 
1250,0.9070 
1251,0.9147 
1252,0.9170 
1253,0.9222 
1254,0.9269 
1255,0.9310 
1256,0.9332 
1257,0.9368 
1258,0.9416 
1259,0.9474 
1260,0.9527 
1261,0.9558 
1262,0.9571 
1263,0.9614 
1264,0.9606
1265,0.9614 
1266,0.9590 
1267,0.9615 
1268,0.9623 
1269,0.9660 
1270,0.9679 
1271,0.9695 
1272,0.9710 
1273,0.9739 
1274,0.9718 
1275,0.9731 
1276,0.9742 
1277,0.9752 
1278,0.9746 
1279,0.9771 
1280,0.9669 
1281,0.9702 
1282,0.9701 
1283,0.9715 
1284,0.9744 
1285,0.9738 
1286,0.9749 
1287,0.9742 
1288,0.9753 
1289,0.9715 
1290,0.9743 
1291,0.9769 
1292,0.9761 
1293,0.9753 
1294,0.9763 
1295,0.9708 
1296,0.9722 
1297,0.9718 
1298,0.9715 
1299,0.9728 
1300,0.9755
1301,0.9780 
1302,0.9786 
1303,0.9792 
1304,0.9797 
1305,0.9802 
1306,0.9806 
1307,0.9810 
1308,0.9798 
1309,0.9818 
1310,0.9836 
1311,0.9852 
1312,0.9836 
1313,0.9852 
1314,0.9867 
1315,0.9880 
1316,0.9877 
1317,0.9873 
1318,0.9870 
1319,0.9868 
1320,0.9865 
1321,0.9832 
1322,0.9849 
1323,0.9864 
1324,0.9862 
1325,0.9860 
1326,0.9858 
1327,0.9873 
1328,0.9073 
1329,0.9134 
1330,0.9190 
1331,0.9255 
1332,0.9283 
1333,0.9339 
1334,0.9405 
1335,0.9418 
1336,0.9460 
1337,0.9514 
1338,0.9563 
1339,0.9560 
1340,0.9604 
1341,0.9643 
1342,0.9616 
1343,0.9639
1344,0.9675 
1345,0.9692 
1346,0.9676 
1347,0.9693 
1348,0.9692 
1349,0.9707 
1350,0.9721 
1351,0.9749 
1352,0.9774 
1353,0.9765 
1354,0.9758 
1355,0.9719 
1356,0.9732 
1357,0.9743 
1358,0.9753 
1359,0.9762 
1360,0.9661 
1361,0.9695 
1362,0.9694 
1363,0.9709 
1364,0.9723 
1365,0.9657 
1366,0.9675 
1367,0.9692 
1368,0.9692 
1369,0.9722 
1370,0.9750 
1371,0.9775 
1372,0.9798 
1373,0.9802 
1374,0.9775 
1375,0.9782 
1376,0.9804 
1377,0.9777 
1378,0.9799 
1379,0.9788 
1380,0.9793 
1381,0.9798 
1382,0.9756 
1383,0.9765 
1384,0.9757 
1385,0.9735 
1386,0.9745 
1387,0.9755 
1388,0.9748 
1389,0.9758 
1390,0.9751 
1391,0.9776 
1392,0.9783 
1393,0.9804 
1394,0.9808 
1395,0.9827 
1396,0.9829 
1397,0.9846 
1398,0.9830 
1399,0.9847 
1400,0.9863
1401,0.9861 
1402,0.9859 
1403,0.9873 
1404,0.9886 
1405,0.9866 
1406,0.9864 
1407,0.9862 
1408,0.9079 
1409,0.9155 
1410,0.9208 
1411,0.9288 
1412,0.9343 
1413,0.9393 
1414,0.9438 
1415,0.9494 
1416,0.9545 
1417,0.9544 
1418,0.9574 
1419,0.9601 
1420,0.9641 
1421,0.9677 
1422,0.9709
1423,0.9722 
1424,0.9735 
1425,0.9745 
1426,0.9755 
1427,0.9780 
1428,0.9786 
1429,0.9761 
1430,0.9785 
1431,0.9791 
1432,0.9811 
1433,0.9815 
1434,0.9818 
1435,0.9836 
1436,0.9852 
1437,0.9851 
1438,0.9866 
1439,0.9864 
1440,0.9878 
1441,0.9890 
1442,0.9838 
1443,0.9839 
1444,0.9824 
1445,0.9826 
1446,0.9812 
1447,0.9799 
1448,0.9804 
1449,0.9808 
1450,0.9796 
1451,0.9801 
1452,0.9774 
1453,0.9781 
1454,0.9787 
1455,0.9777 
1456,0.9768 
1457,0.9760 
1458,0.9753 
1459,0.9762 
1460,0.9786 
1461,0.9792 
1462,0.9797 
1463,0.9786 
1464,0.9807 
1465,0.9811 
1466,0.9830 
1467,0.9816 
1468,0.9787 
1469,0.9793 
1470,0.9782 
1471,0.9773 
1472,0.9780 
1473,0.9786 
1474,0.9776 
1475,0.9799 
1476,0.9819 
1477,0.9837 
1478,0.9853 
1479,0.9837 
1480,0.9822 
1481,0.9824 
1482,0.9826 
1483,0.9828 
1484,0.9829 
1485,0.9831 
1486,0.9832 
1487,0.9833 
1488,0.8991 
1489,0.9045 
1490,0.9109 
1491,0.9151 
1492,0.9142 
1493,0.9228 
1494,0.9290 
1495,0.9329 
1496,0.9381 
1497,0.9443 
1498,0.9483 
1499,0.9488 
1500,0.9492
1501,0.9543
1502,0.9557 
1503,0.9602 
1504,0.9626 
1505,0.9663 
1506,0.9681 
1507,0.9682 
1508,0.9651 
1509,0.9655 
1510,0.9689 
1511,0.9674 
1512,0.9644 
1513,0.9648 
1514,0.9652 
1515,0.9687 
1516,0.9671 
1517,0.9626 
1518,0.9663 
1519,0.9681 
1520,0.9713 
1521,0.9742 
1522,0.9721 
1523,0.9733 
1524,0.9744 
1525,0.9770 
1526,0.9746 
1527,0.9756 
1528,0.9765 
1529,0.9788 
1530,0.9794 
1531,0.9736 
1532,0.9763 
1533,0.9771 
1534,0.9762 
1535,0.9770 
1536,0.9778 
1537,0.9784 
1538,0.9759 
1539,0.9768 
1540,0.9760 
1541,0.9768 
1542,0.9776 
1543,0.9767 
1544,0.9759 
1545,0.9783 
1546,0.9805 
1547,0.9809 
1548,0.9828 
1549,0.9814 
1550,0.9832 
1551,0.9802 
1552,0.9806 
1553,0.9810 
1554,0.9829 
1555,0.9846 
1556,0.9846 
1557,0.9861 
1558,0.9860 
1559,0.9874 
1560,0.9839 
1561,0.9840 
1562,0.9856 
1563,0.9839 
1564,0.9839 
1565,0.9824 
1566,0.9826 
1567,0.9828 
1568,0.8955 
1569,0.9059 
1570,0.9106 
1571,0.9180 
1572,0.9231 
1573,0.9276 
1574,0.9318 
1575,0.9370 
1576,0.9433 
1577,0.9474 
1578,0.9527 
1579,0.9512 
1580,0.9560
1581,0.9573 
1582,0.9616 
1583,0.9654 
1584,0.9658 
1585,0.9692 
1586,0.9707 
1587,0.9689 
1588,0.9721 
1589,0.9686 
1590,0.9717 
1591,0.9746 
1592,0.9755 
1593,0.9749 
1594,0.9774 
1595,0.9750 
1596,0.9759 
1597,0.9767 
1598,0.9775 
1599,0.9751 
1600,0.9776
1601,0.9798 
1602,0.9803 
1603,0.9807 
1604,0.9826 
1605,0.9812 
1606,0.9815 
1607,0.9818 
1608,0.9821 
1609,0.9807 
1610,0.9780 
1611,0.9786 
1612,0.9776 
1613,0.9799 
1614,0.9819 
1615,0.9821 
1616,0.9839 
1617,0.9808 
1618,0.9781 
1619,0.9803 
1620,0.9791 
1621,0.9812 
1622,0.9831 
1623,0.9832 
1624,0.9849 
1625,0.9848 
1626,0.9864 
1627,0.9862 
1628,0.9860 
1629,0.9858 
1630,0.9872 
1631,0.9854 
1632,0.9853 
1633,0.9868 
1634,0.9865 
1635,0.9879 
1636,0.9891 
1637,0.9902 
1638,0.9912 
1639,0.9920 
1640,0.9897 
1641,0.9892 
1642,0.9903 
1643,0.9865 
1644,0.9848 
1645,0.9847 
1646,0.9863 
1647,0.9814 
1648,0.9082 
1649,0.9159 
1650,0.9227 
1651,0.9289 
1652,0.9329 
1653,0.9349 
1654,0.9414 
1655,0.9473 
1656,0.9525 
1657,0.9542 
1658,0.9572 
1659,0.9568
1660,0.9611 
1661,0.9650 
1662,0.9654 
1663,0.9673 
1664,0.9690 
1665,0.9705 
1666,0.9719 
1667,0.9747 
1668,0.9741 
1669,0.9736 
1670,0.9731 
1671,0.9758 
1672,0.9782 
1673,0.9788 
1674,0.9778 
1675,0.9769 
1676,0.9761 
1677,0.9754 
1678,0.9778 
1679,0.9785 
1680,0.9806 
1681,0.9826 
1682,0.9843 
1683,0.9828 
1684,0.9829 
1685,0.9815 
1686,0.9787 
1687,0.9808 
1688,0.9796 
1689,0.9801 
1690,0.9805 
1691,0.9793 
1692,0.9814 
1693,0.9801 
1694,0.9806 
1695,0.9825 
1696,0.9827 
1697,0.9829 
1698,0.9846 
1699,0.9830 
1700,0.9816
1701,0.9803 
1702,0.9760 
1703,0.9784 
1704,0.9759 
1705,0.9752 
1706,0.9730 
1707,0.9694 
1708,0.9709 
1709,0.9707 
1710,0.9674 
1711,0.9675 
1712,0.9692 
1713,0.9692 
1714,0.9707 
1715,0.9720 
1716,0.9748 
1717,0.9727 
1718,0.9707 
1719,0.9736 
1720,0.9763 
1721,0.9771 
1722,0.9763 
1723,0.9755 
1724,0.9748 
1725,0.9742 
1726,0.9752 
1727,0.9746 
1728,0.8959 
1729,0.9032 
1730,0.9128 
1731,0.9200 
1732,0.9264 
1733,0.9307 
1734,0.9345 
1735,0.9395 
1736,0.9440 
1737,0.9480 
1738,0.9501
1739,0.9519 
1740,0.9489 
1741,0.9540 
1742,0.9586 
1743,0.9612 
1744,0.9620 
1745,0.9658 
1746,0.9661 
1747,0.9695 
1748,0.9694 
1749,0.9693 
1750,0.9693 
1751,0.9723 
1752,0.9751 
1753,0.9776 
1754,0.9751 
1755,0.9729 
1756,0.9741 
1757,0.9751 
1758,0.9760 
1759,0.9784 
1760,0.9681 
1761,0.9713 
1762,0.9742 
1763,0.9752 
1764,0.9777 
1765,0.9783 
1766,0.9789 
1767,0.9810 
1768,0.9829 
1769,0.9846 
1770,0.9862 
1771,0.9876 
1772,0.9857 
1773,0.9871 
1774,0.9884 
1775,0.9864 
1776,0.9862 
1777,0.9829 
1778,0.9815 
1779,0.9834 
1780,0.9850 
1781,0.9818 
1782,0.9821 
1783,0.9807 
1784,0.9764 
1785,0.9757 
1786,0.9765 
1787,0.9742 
1788,0.9752 
1789,0.9777 
1790,0.9768 
1791,0.9729 
1792,0.9740 
1793,0.9751 
1794,0.9760 
1795,0.9753 
1796,0.9715 
1797,0.9696 
1798,0.9711 
1799,0.9740 
1800,0.9735
1801,0.9730 
1802,0.9726 
1803,0.9691 
1804,0.9706 
1805,0.9735 
1806,0.9746 
1807,0.9756 
1808,0.9015 
1809,0.9082 
1810,0.9143 
1811,0.9213 
1812,0.9276 
1813,0.9348 
1814,0.9398 
1815,0.9442 
1816,0.9498 
1817,0.9548
1818,0.9594 
1819,0.9634 
1820,0.9671 
1821,0.9704 
1822,0.9718 
1823,0.9715 
1824,0.9743 
1825,0.9738 
1826,0.9748 
1827,0.9773 
1828,0.9718 
1829,0.9746 
1830,0.9740 
1831,0.9766 
1832,0.9774 
1833,0.9781 
1834,0.9803 
1835,0.9807 
1836,0.9811 
1837,0.9814 
1838,0.9817 
1839,0.9835 
1840,0.9852 
1841,0.9867 
1842,0.9880 
1843,0.9876 
1844,0.9842 
1845,0.9826 
1846,0.9828 
1847,0.9814 
1848,0.9770 
1849,0.9777 
1850,0.9800 
1851,0.9789 
1852,0.9763 
1853,0.9787 
1854,0.9761 
1855,0.9722 
1856,0.9719 
1857,0.9731 
1858,0.9743 
1859,0.9706 
1860,0.9720 
1861,0.9716 
1862,0.9745 
1863,0.9755 
1864,0.9732 
1865,0.9743 
1866,0.9769 
1867,0.9777 
1868,0.9768 
1869,0.9744 
1870,0.9754 
1871,0.9763 
1872,0.9755 
1873,0.9780 
1874,0.9739 
1875,0.9750 
1876,0.9744 
1877,0.9707 
1878,0.9736 
1879,0.9747 
1880,0.9741 
1881,0.9767 
1882,0.9790 
1883,0.9795 
1884,0.9800 
1885,0.9773 
1886,0.9780 
1887,0.9787 
1888,0.9074 
1889,0.9151 
1890,0.9236 
1891,0.9312 
1892,0.9350 
1893,0.9399 
1894,0.9444 
1895,0.9499 
1896,0.9518
1897,0.9551 
1898,0.9580 
1899,0.9622 
1900,0.9613
1901,0.9620 
1902,0.9643 
1903,0.9632 
1904,0.9653 
1905,0.9672 
1906,0.9689 
1907,0.9673 
1908,0.9690 
1909,0.9690 
1910,0.9705 
1911,0.9719 
1912,0.9747 
1913,0.9741 
1914,0.9767 
1915,0.9759 
1916,0.9768 
1917,0.9760 
1918,0.9768 
1919,0.9760 
1920,0.9784 
1921,0.9806 
1922,0.9825 
1923,0.9843 
1924,0.9858 
1925,0.9872 
1926,0.9854 
1927,0.9869 
1928,0.9850 
1929,0.9850 
1930,0.9834 
1931,0.9819 
1932,0.9821 
1933,0.9824 
1934,0.9826 
1935,0.9812 
1936,0.9831 
1937,0.9832 
1938,0.9833 
1939,0.9850 
1940,0.9849 
1941,0.9849 
1942,0.9817 
1943,0.9835 
1944,0.9852 
1945,0.9851 
1946,0.9850 
1947,0.9850 
1948,0.9865 
1949,0.9863 
1950,0.9876 
1951,0.9857 
1952,0.9840 
1953,0.9794 
1954,0.9799 
1955,0.9803 
1956,0.9807 
1957,0.9795 
1958,0.9785 
1959,0.9806 
1960,0.9810 
1961,0.9829 
1962,0.9830 
1963,0.9816 
1964,0.9819 
1965,0.9837 
1966,0.9822 
1967,0.9809 
1968,0.9031 
1969,0.9112 
1970,0.9185 
1971,0.9267 
1972,0.9324 
1973,0.9361 
1974,0.9409 
1975,0.9468
1976,0.9521 
1977,0.9554 
1978,0.9583 
1979,0.9624 
1980,0.9631 
1981,0.9652 
1982,0.9671 
1983,0.9704 
1984,0.9687 
1985,0.9687 
1986,0.9718 
1987,0.9684 
1988,0.9684 
1989,0.9685 
1990,0.9669 
1991,0.9702 
1992,0.9732 
1993,0.9728 
1994,0.9739 
1995,0.9750 
1996,0.9775 
1997,0.9782 
1998,0.9788 
1999,0.9778 
2000,0.9800
2001,0.9820 
2002,0.9838 
2003,0.9854 
2004,0.9853 
2005,0.9852 
2006,0.9867 
2007,0.9849 
2008,0.9833 
2009,0.9787 
2010,0.9793 
2011,0.9813 
2012,0.9832 
2013,0.9833 
2014,0.9834 
2015,0.9835 
2016,0.9836 
2017,0.9837 
2018,0.9822 
2019,0.9840 
2020,0.9840 
2021,0.9856 
2022,0.9839 
2023,0.9824 
2024,0.9826 
2025,0.9828 
2026,0.9845 
2027,0.9861 
2028,0.9843 
2029,0.9828 
2030,0.9829 
2031,0.9846 
2032,0.9846 
2033,0.9846 
2034,0.9861 
2035,0.9844 
2036,0.9813 
2037,0.9800 
2038,0.9820 
2039,0.9822 
2040,0.9825 
2041,0.9795 
2042,0.9800 
2043,0.9789 
2044,0.9794 
2045,0.9784 
2046,0.9774 
2047,0.9765 
2048,0.8976 
2049,0.9063 
2050,0.9110 
2051,0.9183 
2052,0.9218 
2053,0.9296 
2054,0.9351
2055,0.9369 
2056,0.9417 
2057,0.9459 
2058,0.9498 
2059,0.9501 
2060,0.9520 
2061,0.9552 
2062,0.9597 
2063,0.9622 
2064,0.9644 
2065,0.9679 
2066,0.9711 
2067,0.9725 
2068,0.9721 
2069,0.9749 
2070,0.9743 
2071,0.9753 
2072,0.9746 
2073,0.9772 
2074,0.9779 
2075,0.9785 
2076,0.9791 
2077,0.9812 
2078,0.9815 
2079,0.9802 
2080,0.9822 
2081,0.9840 
2082,0.9825 
2083,0.9827 
2084,0.9813 
2085,0.9816 
2086,0.9803 
2087,0.9823 
2088,0.9762 
2089,0.9739 
2090,0.9750 
2091,0.9759 
2092,0.9736 
2093,0.9747 
2094,0.9757 
2095,0.9719 
2096,0.9731 
2097,0.9758 
2098,0.9782 
2099,0.9804 
2100,0.9824
2101,0.9826 
2102,0.9796 
2103,0.9817 
2104,0.9819 
2105,0.9806 
2106,0.9810 
2107,0.9798 
2108,0.9802 
2109,0.9822 
2110,0.9824 
2111,0.9842 
2112,0.9826 
2113,0.9797 
2114,0.9802 
2115,0.9821 
2116,0.9808 
2117,0.9812 
2118,0.9815 
2119,0.9833 
2120,0.9819 
2121,0.9806 
2122,0.9778 
2123,0.9769 
2124,0.9761 
2125,0.9785 
2126,0.9791 
2127,0.9796 
2128,0.9066 
2129,0.9129 
2130,0.9200 
2131,0.9218 
2132,0.9280 
2133,0.9352
2134,0.9417 
2135,0.9397 
2136,0.9411 
2137,0.9454 
2138,0.9415 
2139,0.9379 
2140,0.9426 
2141,0.9452 
2142,0.9476 
2143,0.9497 
2144,0.9532 
2145,0.9563 
2146,0.9560 
2147,0.9572 
2148,0.9600 
2149,0.9624 
2150,0.9662 
2151,0.9664 
2152,0.9698 
2153,0.9728 
2154,0.9708 
2155,0.9737 
2156,0.9732 
2157,0.9759 
2158,0.9768 
2159,0.9775 
2160,0.9798 
2161,0.9818 
2162,0.9836 
2163,0.9821 
2164,0.9824 
2165,0.9841 
2166,0.9810 
2167,0.9829 
2168,0.9831 
2169,0.9832 
2170,0.9833 
2171,0.9850 
2172,0.9849 
2173,0.9864 
2174,0.9815 
2175,0.9818 
2176,0.9821 
2177,0.9823 
2178,0.9841 
2179,0.9825 
2180,0.9812 
2181,0.9815 
2182,0.9833 
2183,0.9834 
2184,0.9820 
2185,0.9822 
2186,0.9809 
2187,0.9812 
2188,0.9800 
2189,0.9804 
2190,0.9792 
2191,0.9798 
2192,0.9818 
2193,0.9805 
2194,0.9824 
2195,0.9842 
2196,0.9842 
2197,0.9858 
2198,0.9841 
2199,0.9857 
2200,0.9871
2201,0.9884 
2202,0.9880 
2203,0.9876 
2204,0.9889 
2205,0.9853 
2206,0.9852 
2207,0.9851 
2208,0.9085 
2209,0.9161 
2210,0.9229 
2211,0.9259 
2212,0.9333
2213,0.9384 
2214,0.9399 
2215,0.9459 
2216,0.9513 
2217,0.9531 
2218,0.9562 
2219,0.9575 
2220,0.9601 
2221,0.9641 
2222,0.9662 
2223,0.9695 
2224,0.9695 
2225,0.9663 
2226,0.9681 
2227,0.9713 
2228,0.9741 
2229,0.9767 
2230,0.9791 
2231,0.9796 
2232,0.9785 
2233,0.9791 
2234,0.9796 
2235,0.9754 
2236,0.9763 
2237,0.9787 
2238,0.9792 
2239,0.9782 
2240,0.9804 
2241,0.9823 
2242,0.9841 
2243,0.9826 
2244,0.9812 
2245,0.9831 
2246,0.9785 
2247,0.9791 
2248,0.9796 
2249,0.9801 
2250,0.9805 
2251,0.9778 
2252,0.9784 
2253,0.9806 
2254,0.9779 
2255,0.9801 
2256,0.9821 
2257,0.9823 
2258,0.9778 
2259,0.9769 
2260,0.9792 
2261,0.9782 
2262,0.9804 
2263,0.9823 
2264,0.9825 
2265,0.9780 
2266,0.9740 
2267,0.9734 
2268,0.9730 
2269,0.9710 
2270,0.9739 
2271,0.9749 
2272,0.9743 
2273,0.9753 
2274,0.9762 
2275,0.9755 
2276,0.9748 
2277,0.9758 
2278,0.9766 
2279,0.9774 
2280,0.9765 
2281,0.9742 
2282,0.9768 
2283,0.9775 
2284,0.9782 
2285,0.9788 
2286,0.9794 
2287,0.9783 
2288,0.9742 
2289,0.9768 
2290,0.9760 
2291,0.9737
2292,0.9732 
2293,0.9759 
2294,0.9752 
2295,0.9730 
2296,0.9726 
2297,0.9753 
2298,0.9746 
2299,0.9756 
2300,0.9781
2301,0.9803 
2302,0.9807 
2303,0.9795 
2304,0.9784 
2305,0.9790 
2306,0.9795 
2307,0.9800 
2308,0.9820 
2309,0.9838 
2310,0.9792 
2311,0.9813 
2312,0.9800 
2313,0.9773 
2314,0.9749 
2315,0.9774 
2316,0.9797 
2317,0.9770 
2318,0.9793 
2319,0.9783 
2320,0.9679 
2321,0.9711 
2322,0.9740 
2323,0.9766 
2324,0.9790 
2325,0.9795 
2326,0.9784 
2327,0.9806 
2328,0.9825 
2329,0.9811 
2330,0.9815 
2331,0.9818 
2332,0.9805 
2333,0.9793 
2334,0.9798 
2335,0.9803 
2336,0.9807 
2337,0.9810 
2338,0.9829 
2339,0.9737 
2340,0.9748 
2341,0.9742 
2342,0.9721 
2343,0.9733 
2344,0.9728 
2345,0.9740 
2346,0.9750 
2347,0.9760 
2348,0.9737 
2349,0.9732 
2350,0.9727 
2351,0.9739 
2352,0.9750 
2353,0.9775 
2354,0.9782 
2355,0.9803 
2356,0.9807 
2357,0.9795 
2358,0.9769 
2359,0.9761 
2360,0.9738 
2361,0.9733 
2362,0.9713 
2363,0.9710 
2364,0.9708 
2365,0.9721 
2366,0.9734 
2367,0.9713 
2368,0.8867 
2369,0.8965 
2370,0.9053
