1,0.00000
2,2.27055
3,2.48943
4,2.60897
5,2.51083
6,2.51059
7,2.37699
8,2.37182
9,2.36168
10,2.28082
11,2.24286
12,2.23833
13,2.31689
14,2.34451
15,2.38882
16,2.29465
17,2.24842
18,2.13108
19,2.10697
20,2.10711
21,2.08971
22,2.11606
23,2.03661
24,2.10094
25,2.15335
26,2.17528
27,2.18212
28,2.18925
29,2.19802
30,2.17411
31,2.17688
32,2.14176
33,2.12604
34,2.11790
35,2.10836
36,2.06212
37,2.04386
38,2.00583
39,2.02024
40,2.07614
41,2.05750
42,2.07299
43,2.06370
44,2.03822
45,2.03582
46,2.05541
47,2.07950
48,2.11206
49,2.09257
50,2.07991
51,2.09611
52,2.08398
53,2.07478
54,2.05432
55,2.03965
56,2.05667
57,2.04644
58,2.04563
59,2.03298
60,2.01919
61,1.99429
62,1.97513
63,2.00468
64,2.00376
65,1.95853
66,1.94082
67,1.92370
68,1.91012
69,1.89038
70,1.89642
71,1.93131
72,1.93853
73,1.91403
74,1.91085
75,1.90965
76,1.91629
77,1.89852
78,1.87881
79,1.86168
80,1.83763
81,1.82884
82,1.81028
83,1.76434
84,1.76306
85,1.73934
86,1.71454
87,1.70596
88,1.69938
89,1.70089
90,1.67700
91,1.67155
92,1.65492
93,1.63161
94,1.62480
95,1.62261
96,1.61788
97,1.59033
98,1.56123
99,1.53655
100,1.51055
101,1.48645
102,1.46229
103,1.43917
104,1.42366
105,1.40948
106,1.40534
107,1.38109
108,1.38360
109,1.37779
110,1.37874
111,1.35473
112,1.33932
113,1.33956
114,1.35542
115,1.34226
116,1.32028
117,1.29847
118,1.30930
119,1.34977
120,1.33836
121,1.34771
122,1.32966
123,1.31746
124,1.30703
125,1.30946
126,1.69574
127,1.66531
128,1.62896
129,1.58734
130,1.55420
131,1.50441
132,1.47572
133,1.44341
134,1.41551
135,1.40154
136,1.37523
137,1.35254
138,1.32602
139,1.31795
140,1.29328
141,1.28001
142,1.25480
143,1.24670
144,1.22838
145,1.21782
146,1.18797
147,1.16451
148,1.14835
149,1.12679
150,1.11830
151,1.10666
152,1.09232
153,1.08285
154,1.09539
155,1.05849
156,1.06109
157,1.04778
158,1.04809
159,1.03239
160,1.02052
161,1.00294
162,0.98122
163,0.98205
164,0.96731
165,0.99669
166,1.00681
167,0.98494
168,0.98716
169,0.98280
170,0.97664
171,0.97370
172,0.96083
173,0.96484
174,0.95622
175,0.95283
176,0.96896
177,0.99984
178,0.99632
179,1.00183
180,1.01482
181,1.02264
182,0.99676
183,0.99438
184,0.98956
185,0.98360
186,1.00175
187,1.00038
188,1.00224
189,0.98671
190,0.97780
191,0.96136
192,0.96959
193,0.95298
194,0.93844
195,0.91695
196,0.93381
197,0.93082
198,0.95371
199,0.94995
200,0.92654
201,0.91792
202,0.92522
203,0.92870
204,0.92703
205,0.93567
206,0.91650
207,0.90456
208,0.88258
209,0.87999
210,0.86592
211,0.85504
212,0.84522
213,0.87519
214,0.88649
215,0.86206
216,0.84191
217,0.86452
218,0.88475
219,0.88065
220,0.87413
221,0.88879
222,0.89423
223,0.88523
224,0.85936
225,0.85066
226,0.83245
227,0.82623
228,0.80953
229,0.79074
230,0.78939
231,0.79104
232,0.78562
233,0.77476
234,0.77618
235,0.79158
236,0.77899
237,0.77357
238,0.77886
239,0.76237
240,0.74403
241,0.75010
242,0.77111
243,0.76522
244,0.78329
245,0.77752
246,0.77240
247,0.75802
248,0.77358
249,0.78381
250,0.79617
251,0.81032
252,0.80739
253,0.79330
254,0.80449
255,0.80533
256,0.80896
257,0.81027
258,0.80176
259,0.79271
260,0.77368
261,0.74020
262,0.73461
263,0.75908
264,0.76919
265,0.77145
266,0.76065
267,0.76940
268,0.76593
269,0.74743
270,0.75070
271,0.74502
272,0.73615
273,0.72981
274,0.74878
275,0.75263
276,0.74573
277,0.71507
278,0.73152
279,0.73156
280,0.73322
281,0.73290
282,0.72857
283,0.70042
284,1.28626
285,1.23142
286,1.20453
287,1.16361
288,1.11095
289,1.08184
290,1.05014
291,1.04155
292,1.00835
293,0.96491
294,0.93258
295,0.92584
296,0.91593
297,0.90390
298,0.89863
299,0.89548
300,0.86466
301,0.83234
302,0.80087
303,0.81056
304,0.78840
305,0.78365
306,0.78686
307,0.78330
308,0.79556
309,0.77756
310,0.76351
311,0.75850
312,0.74970
313,0.76221
314,0.75718
315,0.75280
316,0.73643
317,0.71508
318,0.74426
319,0.74664
320,0.73927
321,0.74463
322,0.74026
323,0.76241
324,0.75498
325,0.73161
326,0.71789
327,0.69137
328,0.67580
329,0.67266
330,0.66992
331,0.65138
332,0.67069
333,0.66863
334,0.69176
335,0.69513
336,0.68555
337,0.68041
338,0.66640
339,0.66775
340,0.66579
341,0.65176
342,0.64806
343,0.64228
344,0.65658
345,0.66851
346,0.67070
347,0.66662
348,0.65908
349,0.64150
350,0.67404
351,0.67205
352,0.68775
353,0.66875
354,0.66294
355,0.64590
356,0.65706
357,0.65451
358,0.65661
359,0.64805
360,0.65276
361,0.64334
362,0.64432
363,0.62600
364,0.60503
365,0.60689
366,0.61182
367,0.61263
368,0.61448
369,0.58600
370,0.58608
371,0.61370
372,0.60158
373,0.60898
374,0.59816
375,0.57163
376,0.59243
377,0.58186
378,0.57817
379,0.57024
380,0.55552
381,0.56482
382,0.56532
383,0.58470
384,0.61204
385,0.59859
386,0.59383
387,0.60653
388,0.59340
389,0.56555
390,0.56842
391,0.57607
392,0.58260
393,0.57838
394,0.57001
395,0.57147
396,0.57281
397,0.57426
398,0.58173
399,0.59084
400,0.58635
401,0.57551
402,0.56745
403,0.55662
404,0.54979
405,0.54955
406,0.55838
407,0.54580
408,0.55327
409,0.55123
410,0.54448
411,0.57415
412,0.57234
413,0.57005
414,0.60383
415,0.62816
416,0.62095
417,0.65299
418,0.64460
419,0.64013
420,0.63114
421,0.61853
422,0.62115
423,0.63298
424,0.61893
425,0.61874
426,0.62759
427,0.61085
428,0.59257
429,0.59119
430,0.57934
431,0.55555
432,0.57499
433,0.56588
434,0.57621
435,0.57173
436,0.58675
437,0.59670
438,0.58767
439,0.60369
440,0.62672
441,0.64083
442,1.32170
443,1.25873
444,1.20025
445,1.12199
446,1.08277
447,1.03792
448,0.98026
449,0.94711
450,0.91963
451,0.88754
452,0.86388
453,0.84542
454,0.80135
455,0.78080
456,0.77055
457,0.74781
458,0.74231
459,0.71214
460,0.70328
461,0.69942
462,0.68080
463,0.67030
464,0.64335
465,0.60932
466,0.59745
467,0.58658
468,0.57480
469,0.58434
470,0.57519
471,0.56381
472,0.55163
473,0.55604
474,0.51664
475,0.48109
476,0.52334
477,0.53694
478,0.53376
479,0.51976
480,0.54604
481,0.55241
482,0.55423
483,0.55708
484,0.55816
485,0.55722
486,0.55755
487,0.54292
488,0.54429
489,0.56435
490,0.55272
491,0.55085
492,0.55933
493,0.57055
494,0.55705
495,0.56806
496,0.57052
497,0.56301
498,0.55939
499,0.56678
500,0.56374
501,0.56919
502,0.56519
503,0.55560
504,0.57415
505,0.57359
506,0.56487
507,0.56603
508,0.57847
509,0.57361
510,0.58629
511,0.57368
512,0.57244
513,0.57241
514,0.57487
515,0.57198
516,0.56319
517,0.55875
518,0.56237
519,0.55191
520,0.54509
521,0.54273
522,0.54375
523,0.55319
524,0.52826
525,0.53107
526,0.51438
527,0.52387
528,0.54707
529,0.52469
530,0.53061
531,0.52398
532,0.54065
533,0.53491
534,0.50976
535,0.50730
536,0.49862
537,0.49036
538,0.53034
539,0.52816
540,0.53213
541,0.54247
542,0.53259
543,0.52534
544,0.51459
545,0.51221
546,0.51437
547,0.50406
548,0.50893
549,0.50694
550,0.48643
551,0.48954
552,0.50603
553,0.52023
554,0.51788
555,0.50927
556,0.50742
557,0.50429
558,0.48809
559,0.47914
560,0.46779
561,0.50141
562,0.49325
563,0.53147
564,0.53889
565,0.55422
566,0.55307
567,0.57209
568,0.57855
569,0.58001
570,0.57479
571,0.57970
572,0.58693
573,0.57417
574,0.56964
575,0.54941
576,0.57622
577,0.56914
578,0.58297
579,0.58867
580,0.57590
581,0.57920
582,0.56870
583,0.57510
584,0.57519
585,0.56147
586,0.57615
587,0.57306
588,0.54810
589,0.57447
590,0.55673
591,0.55256
592,0.54941
593,0.55616
594,0.54516
595,0.53432
596,0.53570
597,0.52891
598,0.52652
599,0.54788
600,1.37629
601,1.29420
602,1.22389
603,1.14140
604,1.08534
605,1.01815
606,0.95920
607,0.90894
608,0.88461
609,0.84047
610,0.80063
611,0.77758
612,0.74292
613,0.72377
614,0.68888
615,0.66502
616,0.65075
617,0.64044
618,0.62641
619,0.61590
620,0.60385
621,0.59310
622,0.57014
623,0.54692
624,0.54018
625,0.51817
626,0.50257
627,0.50416
628,0.49605
629,0.49786
630,0.49304
631,0.48584
632,0.47676
633,0.45627
634,0.45051
635,0.43534
636,0.44567
637,0.45321
638,0.44987
639,0.45634
640,0.45219
641,0.45891
642,0.47228
643,0.48802
644,0.48530
645,0.47779
646,0.48542
647,0.49383
648,0.49049
649,0.47881
650,0.47269
651,0.48539
652,0.48673
653,0.48603
654,0.48783
655,0.48764
656,0.49397
657,0.47715
658,0.51554
659,0.49846
660,0.52352
661,0.51666
662,0.50746
663,0.49365
664,0.49944
665,0.49910
666,0.47628
667,0.48156
668,0.47376
669,0.48747
670,0.48513
671,0.48354
672,0.48908
673,0.47781
674,0.49637
675,0.47906
676,0.47951
677,0.46770
678,0.46912
679,0.47484
680,0.48094
681,0.47488
682,0.47378
683,0.47864
684,0.46873
685,0.46041
686,0.44804
687,0.45353
688,0.45823
689,0.45159
690,0.44384
691,0.44447
692,0.44359
693,0.44733
694,0.46984
695,0.46664
696,0.46135
697,0.46977
698,0.46556
699,0.45949
700,0.46217
701,0.46005
702,0.46661
703,0.45867
704,0.47239
705,0.49439
706,0.49936
707,0.50682
708,0.49481
709,0.47774
710,0.48082
711,0.47562
712,0.46767
713,0.47791
714,0.48879
715,0.49131
716,0.47683
717,0.46578
718,0.45690
719,0.44524
720,0.45066
721,0.44016
722,0.44050
723,0.42967
724,0.43026
725,0.43169
726,0.43019
727,0.42111
728,0.42547
729,0.42402
730,0.41037
731,0.41064
732,0.40806
733,0.41680
734,0.42559
735,0.41992
736,0.43343
737,0.45033
738,0.43744
739,0.44095
740,0.47719
741,0.49253
742,0.49052
743,0.48349
744,0.48736
745,0.50333
746,0.51992
747,0.53343
748,0.52991
749,0.52156
750,0.50949
751,0.51411
752,0.51260
753,0.51353
754,0.51432
755,0.49991
756,0.49330
757,0.51371
758,1.22573
759,1.14504
760,1.08268
761,1.03488
762,0.97477
763,0.91486
764,0.86982
765,0.81347
766,0.76322
767,0.72707
768,0.70663
769,0.67678
770,0.67517
771,0.64603
772,0.62832
773,0.60454
774,0.57984
775,0.55994
776,0.53912
777,0.51781
778,0.52461
779,0.51534
780,0.50051
781,0.50050
782,0.49431
783,0.48838
784,0.48308
785,0.48421
786,0.48009
787,0.47114
788,0.45942
789,0.45500
790,0.45770
791,0.45287
792,0.45122
793,0.46950
794,0.47083
795,0.46401
796,0.45977
797,0.46608
798,0.45909
799,0.45341
800,0.48371
801,0.47357
802,0.48777
803,0.48397
804,0.48034
805,0.48833
806,0.47936
807,0.46572
808,0.46705
809,0.45915
810,0.48960
811,0.49226
812,0.48297
813,0.48221
814,0.46813
815,0.45634
816,0.43623
817,0.43614
818,0.43431
819,0.43637
820,0.42057
821,0.41471
822,0.40250
823,0.38753
824,0.38992
825,0.39095
826,0.39127
827,0.38441
828,0.38960
829,0.38426
830,0.39318
831,0.39726
832,0.41808
833,0.42557
834,0.44006
835,0.43150
836,0.42677
837,0.42518
838,0.43281
839,0.43659
840,0.43552
841,0.43316
842,0.42388
843,0.40883
844,0.40490
845,0.41699
846,0.43684
847,0.44095
848,0.47072
849,0.44544
850,0.45503
851,0.45064
852,0.44365
853,0.44293
854,0.44482
855,0.44914
856,0.44217
857,0.44039
858,0.44743
859,0.45246
860,0.44451
861,0.44008
862,0.43771
863,0.43491
864,0.41545
865,0.40331
866,0.39108
867,0.39603
868,0.39814
869,0.42173
870,0.41917
871,0.41668
872,0.40436
873,0.40420
874,0.39530
875,0.41004
876,0.41075
877,0.39702
878,0.39440
879,0.40155
880,0.39779
881,0.41731
882,0.40320
883,0.41660
884,0.43927
885,0.45985
886,0.49053
887,0.48656
888,0.47394
889,0.48003
890,0.47699
891,0.46231
892,0.47587
893,0.47825
894,0.49039
895,0.48763
896,0.46931
897,0.46692
898,0.47667
899,0.46894
900,0.47140
901,0.45755
902,0.44648
903,0.44803
904,0.44778
905,0.43719
906,0.41574
907,0.38804
908,0.38618
909,0.39906
910,0.39884
911,0.41169
912,0.43312
913,0.42657
914,0.41449
915,0.41013
916,1.34853
917,1.25602
918,1.18538
919,1.10630
920,1.03565
921,0.98230
922,0.93062
923,0.86577
924,0.81844
925,0.77746
926,0.73459
927,0.69419
928,0.67328
929,0.65515
930,0.61597
931,0.60396
932,0.57288
933,0.55149
934,0.52427
935,0.52456
936,0.51133
937,0.49577
938,0.49231
939,0.49321
940,0.50417
941,0.49435
942,0.47982
943,0.46808
944,0.46868
945,0.45538
946,0.46393
947,0.46130
948,0.46571
949,0.46950
950,0.46907
951,0.46785
952,0.46277
953,0.45432
954,0.46581
955,0.46590
956,0.44614
957,0.44250
958,0.44134
959,0.44112
960,0.43473
961,0.42528
962,0.42389
963,0.41118
964,0.40592
965,0.39892
966,0.39303
967,0.39356
968,0.39823
969,0.38616
970,0.41120
971,0.40316
972,0.39474
973,0.39563
974,0.38876
975,0.38344
976,0.38100
977,0.36806
978,0.39046
979,0.38931
980,0.39398
981,0.37895
982,0.38186
983,0.37608
984,0.38986
985,0.38934
986,0.38900
987,0.39580
988,0.38314
989,0.38010
990,0.39283
991,0.41251
992,0.42831
993,0.42368
994,0.43123
995,0.42884
996,0.41636
997,0.39872
998,0.40009
999,0.39951
1000,0.40173
1001,0.40741
1002,0.40330
1003,0.40467
1004,0.39831
1005,0.39883
1006,0.38404
1007,0.38960
1008,0.39726
1009,0.40015
1010,0.40319
1011,0.40388
1012,0.40391
1013,0.40160
1014,0.39339
1015,0.38672
1016,0.39643
1017,0.38748
1018,0.38953
1019,0.38109
1020,0.38021
1021,0.39027
1022,0.37755
1023,0.37359
1024,0.36731
1025,0.38084
1026,0.36938
1027,0.36233
1028,0.35791
1029,0.37564
1030,0.38929
1031,0.37242
1032,0.37646
1033,0.38214
1034,0.39607
1035,0.39244
1036,0.39923
1037,0.39699
1038,0.39664
1039,0.40322
1040,0.40301
1041,0.40338
1042,0.41968
1043,0.42475
1044,0.42793
1045,0.41321
1046,0.41137
1047,0.39089
1048,0.38600
1049,0.38328
1050,0.36907
1051,0.37424
1052,0.38615
1053,0.37681
1054,0.37415
1055,0.36077
1056,0.36935
1057,0.37323
1058,0.37620
1059,0.38402
1060,0.39212
1061,0.39513
1062,0.39127
1063,0.39089
1064,0.37862
1065,0.36868
1066,0.36929
1067,0.35656
1068,0.35753
1069,0.35326
1070,0.33436
1071,0.32631
1072,0.33220
1073,0.34694
1074,1.35938
1075,1.28051
1076,1.18050
1077,1.10342
1078,1.01312
1079,0.95975
1080,0.89608
1081,0.82788
1082,0.77759
1083,0.73313
1084,0.69590
1085,0.65446
1086,0.62186
1087,0.59569
1088,0.57282
1089,0.55075
1090,0.53666
1091,0.51947
1092,0.51252
1093,0.48660
1094,0.47683
1095,0.47720
1096,0.47736
1097,0.46337
1098,0.45810
1099,0.44104
1100,0.43552
1101,0.42823
1102,0.43586
1103,0.42651
1104,0.42332
1105,0.42283
1106,0.40828
1107,0.38887
1108,0.37650
1109,0.37548
1110,0.38482
1111,0.39220
1112,0.39320
1113,0.43928
1114,0.44668
1115,0.43569
1116,0.42910
1117,0.41715
1118,0.40279
1119,0.40416
1120,0.39875
1121,0.40589
1122,0.42584
1123,0.44857
1124,0.44731
1125,0.46592
1126,0.45454
1127,0.45075
1128,0.43894
1129,0.43047
1130,0.41994
1131,0.41216
1132,0.39868
1133,0.40408
1134,0.39797
1135,0.40702
1136,0.39257
1137,0.38965
1138,0.39754
1139,0.38590
1140,0.38714
1141,0.37543
1142,0.38100
1143,0.37762
1144,0.37438
1145,0.37135
1146,0.39101
1147,0.38688
1148,0.39398
1149,0.39911
1150,0.40594
1151,0.40332
1152,0.42211
1153,0.39983
1154,0.38936
1155,0.39280
1156,0.40516
1157,0.43201
1158,0.42402
1159,0.42430
1160,0.41382
1161,0.41321
1162,0.40891
1163,0.40091
1164,0.40499
1165,0.39425
1166,0.40083
1167,0.38889
1168,0.40272
1169,0.40488
1170,0.40455
1171,0.40015
1172,0.41562
1173,0.41439
1174,0.40893
1175,0.40430
1176,0.40538
1177,0.40284
1178,0.39801
1179,0.38744
1180,0.39122
1181,0.37821
1182,0.36950
1183,0.36537
1184,0.35915
1185,0.36758
1186,0.36243
1187,0.36312
1188,0.35414
1189,0.35511
1190,0.37239
1191,0.37494
1192,0.37781
1193,0.37785
1194,0.36820
1195,0.36647
1196,0.38253
1197,0.37748
1198,0.37131
1199,0.37767
1200,0.37554
1201,0.37840
1202,0.37327
1203,0.35875
1204,0.35480
1205,0.36383
1206,0.37022
1207,0.36964
1208,0.36923
1209,0.36988
1210,0.37096
1211,0.38279
1212,0.39022
1213,0.37695
1214,0.35841
1215,0.36880
1216,0.39378
1217,0.37937
1218,0.37926
1219,0.37125
1220,0.36020
1221,0.35886
1222,0.35655
1223,0.34647
1224,0.34222
1225,0.35551
1226,0.34684
1227,0.33998
1228,0.33429
1229,0.33595
1230,0.34201
1231,0.34689
1232,1.27693
1233,1.17646
1234,1.11846
1235,1.02968
1236,0.96913
1237,0.90836
1238,0.85959
1239,0.81057
1240,0.78439
1241,0.75953
1242,0.72253
1243,0.68532
1244,0.66750
1245,0.64796
1246,0.60657
1247,0.57940
1248,0.54695
1249,0.52249
1250,0.49747
1251,0.47191
1252,0.46572
1253,0.44929
1254,0.43774
1255,0.42390
1256,0.41823
1257,0.41534
1258,0.39046
1259,0.38191
1260,0.39312
1261,0.38379
1262,0.39305
1263,0.39709
1264,0.38306
1265,0.35255
1266,0.36595
1267,0.35635
1268,0.36814
1269,0.38666
1270,0.37767
1271,0.37955
1272,0.38441
1273,0.38356
1274,0.38216
1275,0.37089
1276,0.35546
1277,0.34935
1278,0.33596
1279,0.34142
1280,0.33231
1281,0.33215
1282,0.33492
1283,0.32880
1284,0.33557
1285,0.34148
1286,0.34562
1287,0.34259
1288,0.32934
1289,0.32300
1290,0.33122
1291,0.33722
1292,0.32682
1293,0.32241
1294,0.32830
1295,0.32143
1296,0.32403
1297,0.32673
1298,0.33472
1299,0.33015
1300,0.32458
1301,0.34375
1302,0.38209
1303,0.38196
1304,0.37853
1305,0.39434
1306,0.38629
1307,0.38739
1308,0.38116
1309,0.36713
1310,0.35933
1311,0.36008
1312,0.37173
1313,0.36910
1314,0.35707
1315,0.35049
1316,0.34545
1317,0.33945
1318,0.33910
1319,0.34776
1320,0.33789
1321,0.33586
1322,0.33791
1323,0.32685
1324,0.32414
1325,0.32318
1326,0.30968
1327,0.31344
1328,0.30295
1329,0.30193
1330,0.31912
1331,0.32522
1332,0.33613
1333,0.34591
1334,0.34872
1335,0.34334
1336,0.33717
1337,0.33378
1338,0.33696
1339,0.33744
1340,0.34755
1341,0.33525
1342,0.34791
1343,0.33461
1344,0.33828
1345,0.33005
1346,0.33267
1347,0.32351
1348,0.34587
1349,0.33665
1350,0.34625
1351,0.34703
1352,0.33560
1353,0.34517
1354,0.34159
1355,0.34283
1356,0.33452
1357,0.34103
1358,0.33504
1359,0.34236
1360,0.35658
1361,0.34664
1362,0.34812
1363,0.34326
1364,0.35663
1365,0.35287
1366,0.34350
1367,0.35181
1368,0.34918
1369,0.33265
1370,0.35225
1371,0.35396
1372,0.35324
1373,0.36011
1374,0.36498
1375,0.37636
1376,0.38125
1377,0.38697
1378,0.38751
1379,0.38334
1380,0.39162
1381,0.39158
1382,0.39954
1383,0.40349
1384,0.40289
1385,0.38635
1386,0.38281
1387,0.38306
1388,0.37987
1389,0.37632
1390,1.23819
1391,1.15265
1392,1.09878
1393,1.05236
1394,1.00050
1395,0.95245
1396,0.88385
1397,0.83269
1398,0.79338
1399,0.74651
1400,0.72323
1401,0.68132
1402,0.65199
1403,0.63388
1404,0.60141
1405,0.56438
1406,0.53236
1407,0.51766
1408,0.48817
1409,0.47865
1410,0.47255
1411,0.45612
1412,0.44583
1413,0.42536
1414,0.41004
1415,0.40634
1416,0.39128
1417,0.37386
1418,0.37535
1419,0.35993
1420,0.34984
1421,0.35155
1422,0.32699
1423,0.30468
1424,0.29699
1425,0.30261
1426,0.29432
1427,0.30105
1428,0.29707
1429,0.30219
1430,0.30904
1431,0.31339
1432,0.30842
1433,0.30537
1434,0.30677
1435,0.30555
1436,0.30572
1437,0.31530
1438,0.31326
1439,0.30363
1440,0.30732
1441,0.30339
1442,0.30679
1443,0.31483
1444,0.30932
1445,0.31427
1446,0.31553
1447,0.32388
1448,0.33152
1449,0.33426
1450,0.33916
1451,0.32574
1452,0.32032
1453,0.33703
1454,0.32208
1455,0.33335
1456,0.33869
1457,0.36521
1458,0.37344
1459,0.36598
1460,0.34346
1461,0.32280
1462,0.33773
1463,0.34318
1464,0.33936
1465,0.33751
1466,0.34128
1467,0.33306
1468,0.33137
1469,0.32763
1470,0.34091
1471,0.35267
1472,0.35904
1473,0.35035
1474,0.34076
1475,0.34596
1476,0.34149
1477,0.33084
1478,0.32488
1479,0.32981
1480,0.32533
1481,0.33526
1482,0.34321
1483,0.34029
1484,0.34484
1485,0.34367
1486,0.34246
1487,0.34518
1488,0.34554
1489,0.32879
1490,0.34080
1491,0.36209
1492,0.36227
1493,0.36648
1494,0.35557
1495,0.35523
1496,0.35309
1497,0.35024
1498,0.36707
1499,0.37973
1500,0.38955
1501,0.37517
1502,0.38884
1503,0.39689
1504,0.39879
1505,0.39194
1506,0.40465
1507,0.39827
1508,0.40036
1509,0.40478
1510,0.39228
1511,0.38998
1512,0.38081
1513,0.38076
1514,0.36212
1515,0.37107
1516,0.36307
1517,0.35925
1518,0.36705
1519,0.36853
1520,0.38143
1521,0.38349
1522,0.40357
1523,0.38768
1524,0.38021
1525,0.38441
1526,0.36689
1527,0.35358
1528,0.34865
1529,0.34545
1530,0.34141
1531,0.33977
1532,0.35237
1533,0.34074
1534,0.34829
1535,0.35309
1536,0.34674
1537,0.33805
1538,0.35356
1539,0.34721
1540,0.35366
1541,0.34892
1542,0.34047
1543,0.35535
1544,0.35726
1545,0.35348
1546,0.33733
1547,0.33812
1548,1.26338
1549,1.17152
1550,1.08117
1551,1.01197
1552,0.95214
1553,0.89428
1554,0.85100
1555,0.79472
1556,0.74941
1557,0.71450
1558,0.67103
1559,0.63334
1560,0.61073
1561,0.57838
1562,0.55647
1563,0.52324
1564,0.50281
1565,0.47668
1566,0.47217
1567,0.46590
1568,0.44934
1569,0.43191
1570,0.41007
1571,0.39947
1572,0.41946
1573,0.40249
1574,0.40194
1575,0.39222
1576,0.38824
1577,0.36909
1578,0.35258
1579,0.35337
1580,0.34438
1581,0.32068
1582,0.31715
1583,0.32041
1584,0.31161
1585,0.32437
1586,0.31996
1587,0.32186
1588,0.31916
1589,0.32216
1590,0.32932
1591,0.32410
1592,0.33413
1593,0.33056
1594,0.32158
1595,0.32356
1596,0.32714
1597,0.33755
1598,0.32427
1599,0.32620
1600,0.33988
1601,0.36786
1602,0.35739
1603,0.34968
1604,0.35817
1605,0.35395
1606,0.33827
1607,0.33754
1608,0.32669
1609,0.32470
1610,0.30677
1611,0.30788
1612,0.30131
1613,0.29162
1614,0.30305
1615,0.30359
1616,0.29663
1617,0.28724
1618,0.28072
1619,0.30487
1620,0.33057
1621,0.33002
1622,0.32087
1623,0.32298
1624,0.31976
1625,0.31148
1626,0.29651
1627,0.30395
1628,0.32478
1629,0.32222
1630,0.32647
1631,0.31468
1632,0.31804
1633,0.31975
1634,0.32068
1635,0.32114
1636,0.31999
1637,0.32418
1638,0.33037
1639,0.32804
1640,0.32389
1641,0.32698
1642,0.32215
1643,0.33310
1644,0.31579
1645,0.30187
1646,0.30202
1647,0.29489
1648,0.28439
1649,0.30055
1650,0.30909
1651,0.31805
1652,0.32805
1653,0.31844
1654,0.30380
1655,0.31260
1656,0.33729
1657,0.33290
1658,0.32763
1659,0.32930
1660,0.32969
1661,0.33563
1662,0.32844
1663,0.31500
1664,0.30753
1665,0.30166
1666,0.29517
1667,0.31784
1668,0.31494
1669,0.31619
1670,0.31150
1671,0.30704
1672,0.30750
1673,0.29988
1674,0.30409
1675,0.31123
1676,0.30047
1677,0.29754
1678,0.29723
1679,0.29901
1680,0.31318
1681,0.30753
1682,0.30300
1683,0.30318
1684,0.31428
1685,0.30721
1686,0.31205
1687,0.30514
1688,0.31523
1689,0.32659
1690,0.32234
1691,0.32507
1692,0.33007
1693,0.33726
1694,0.34544
1695,0.33592
1696,0.32950
1697,0.31904
1698,0.32481
1699,0.32243
1700,0.32595
1701,0.32538
1702,0.31882
1703,0.32759
1704,0.32296
1705,0.32066
1706,1.34915
1707,1.24571
1708,1.14331
1709,1.05235
1710,0.98588
1711,0.92164
1712,0.88608
1713,0.83317
1714,0.78118
1715,0.74296
1716,0.69809
1717,0.66388
1718,0.62048
1719,0.59904
1720,0.55333
1721,0.53023
1722,0.51557
1723,0.49504
1724,0.47440
1725,0.46402
1726,0.45955
1727,0.45348
1728,0.44735
1729,0.43592
1730,0.41937
1731,0.40871
1732,0.40168
1733,0.39107
1734,0.38329
1735,0.39025
1736,0.38054
1737,0.36622
1738,0.36417
1739,0.36098
1740,0.35618
1741,0.34561
1742,0.35031
1743,0.34447
1744,0.33196
1745,0.31539
1746,0.31001
1747,0.30402
1748,0.29546
1749,0.30142
1750,0.29731
1751,0.29196
1752,0.31384
1753,0.32787
1754,0.32038
1755,0.32662
1756,0.32045
1757,0.31124
1758,0.30932
1759,0.31237
1760,0.31333
1761,0.30584
1762,0.28996
1763,0.28836
1764,0.29544
1765,0.29729
1766,0.27820
1767,0.28683
1768,0.29063
1769,0.28782
1770,0.28233
1771,0.26817
1772,0.27608
1773,0.27950
1774,0.27796
1775,0.28360
1776,0.29085
1777,0.29094
1778,0.29192
1779,0.28161
1780,0.30403
1781,0.30904
1782,0.29761
1783,0.28326
1784,0.28039
1785,0.28001
1786,0.28654
1787,0.30084
1788,0.29190
1789,0.28990
1790,0.28498
1791,0.28285
1792,0.28382
1793,0.27776
1794,0.27892
1795,0.27416
1796,0.28357
1797,0.27789
1798,0.27217
1799,0.29331
1800,0.30142
1801,0.30170
1802,0.30080
1803,0.28927
1804,0.29954
1805,0.29947
1806,0.28632
1807,0.29193
1808,0.28036
1809,0.28204
1810,0.28466
1811,0.28921
1812,0.29514
1813,0.29240
1814,0.30046
1815,0.28697
1816,0.28990
1817,0.29572
1818,0.28764
1819,0.29784
1820,0.29153
1821,0.29954
1822,0.28805
1823,0.29900
1824,0.29615
1825,0.30389
1826,0.29939
1827,0.30465
1828,0.29587
1829,0.29487
1830,0.28826
1831,0.27483
1832,0.27231
1833,0.27379
1834,0.26948
1835,0.27537
1836,0.28297
1837,0.27764
1838,0.29604
1839,0.30167
1840,0.31083
1841,0.30521
1842,0.31074
1843,0.32079
1844,0.31173
1845,0.31300
1846,0.30048
1847,0.30627
1848,0.31282
1849,0.32411
1850,0.32284
1851,0.31610
1852,0.33400
1853,0.33729
1854,0.35236
1855,0.34604
1856,0.35881
1857,0.34653
1858,0.36731
1859,0.38381
1860,0.39577
1861,0.39183
1862,0.37131
1863,0.38623
1864,1.20911
1865,1.12260
1866,1.03872
1867,0.97970
1868,0.92701
1869,0.86328
1870,0.81903
1871,0.78110
1872,0.72754
1873,0.68572
1874,0.65959
1875,0.62225
1876,0.58723
1877,0.56475
1878,0.54681
1879,0.52310
1880,0.49612
1881,0.48378
1882,0.46190
1883,0.43029
1884,0.40908
1885,0.39644
1886,0.38695
1887,0.38845
1888,0.37032
1889,0.35683
1890,0.35245
1891,0.34135
1892,0.33818
1893,0.33084
1894,0.32584
1895,0.31207
1896,0.30037
1897,0.28749
1898,0.31344
1899,0.32987
1900,0.31767
1901,0.30606
1902,0.29791
1903,0.29892
1904,0.29126
1905,0.28355
1906,0.27850
1907,0.26754
1908,0.28143
1909,0.28894
1910,0.30191
1911,0.30665
1912,0.29195
1913,0.29627
1914,0.30167
1915,0.30304
1916,0.28612
1917,0.29441
1918,0.30138
1919,0.29069
1920,0.28680
1921,0.28588
1922,0.27406
1923,0.28046
1924,0.29307
1925,0.30503
1926,0.30711
1927,0.31083
1928,0.30412
1929,0.29949
1930,0.30917
1931,0.30123
1932,0.31721
1933,0.31535
1934,0.31623
1935,0.30753
1936,0.31354
1937,0.32374
1938,0.32037
1939,0.31016
1940,0.30695
1941,0.32417
1942,0.33167
1943,0.31867
1944,0.32584
1945,0.32251
1946,0.32278
1947,0.32254
1948,0.33469
1949,0.32551
1950,0.32525
1951,0.32639
1952,0.31654
1953,0.31256
1954,0.31470
1955,0.31551
1956,0.31850
1957,0.33145
1958,0.32366
1959,0.32271
1960,0.32387
1961,0.31209
1962,0.31468
1963,0.31741
1964,0.31042
1965,0.31902
1966,0.32057
1967,0.32170
1968,0.31079
1969,0.32476
1970,0.33287
1971,0.33575
1972,0.33474
1973,0.34108
1974,0.33205
1975,0.34920
1976,0.33740
1977,0.32804
1978,0.32986
1979,0.33097
1980,0.32380
1981,0.31372
1982,0.30518
1983,0.32130
1984,0.31607
1985,0.32777
1986,0.32614
1987,0.31991
1988,0.30983
1989,0.32335
1990,0.30907
1991,0.30860
1992,0.31488
1993,0.30982
1994,0.31090
1995,0.30945
1996,0.30566
1997,0.30523
1998,0.29397
1999,0.29910
2000,0.28907
2001,0.28130
2002,0.27391
2003,0.26570
2004,0.27431
2005,0.28081
2006,0.29016
2007,0.29627
2008,0.29314
2009,0.30139
2010,0.31547
2011,0.31524
2012,0.29892
2013,0.32031
2014,0.33328
2015,0.32667
2016,0.32648
2017,0.33662
2018,0.35359
2019,0.33176
2020,0.32994
2021,0.32652
2022,1.24832
2023,1.16046
2024,1.08555
2025,1.01273
2026,0.93521
2027,0.87833
2028,0.82754
2029,0.76557
2030,0.72292
2031,0.68023
2032,0.63190
2033,0.58694
2034,0.56293
2035,0.53609
2036,0.52769
2037,0.50582
2038,0.48597
2039,0.45365
2040,0.44669
2041,0.45091
2042,0.45531
2043,0.43942
2044,0.42131
2045,0.40594
2046,0.38604
2047,0.35955
2048,0.34881
2049,0.33429
2050,0.33457
2051,0.32660
2052,0.32549
2053,0.33348
2054,0.33769
2055,0.34287
2056,0.33465
2057,0.32219
2058,0.32769
2059,0.34155
2060,0.32550
2061,0.31236
2062,0.31026
2063,0.32501
2064,0.30663
2065,0.29351
2066,0.29310
2067,0.28378
2068,0.28040
2069,0.27173
2070,0.28217
2071,0.27619
2072,0.30876
2073,0.30327
2074,0.29607
2075,0.29536
2076,0.28944
2077,0.28448
2078,0.28007
2079,0.28502
2080,0.27414
2081,0.28228
2082,0.27562
2083,0.27145
2084,0.28244
2085,0.29339
2086,0.29404
2087,0.28377
2088,0.28598
2089,0.29427
2090,0.29547
2091,0.29409
2092,0.28237
2093,0.28597
2094,0.28751
2095,0.28391
2096,0.27215
2097,0.27283
2098,0.26664
2099,0.25863
2100,0.25323
2101,0.25390
2102,0.25432
2103,0.26961
2104,0.27220
2105,0.27022
2106,0.27829
2107,0.27351
2108,0.26712
2109,0.27379
2110,0.27365
2111,0.26718
2112,0.25990
2113,0.26427
2114,0.26070
2115,0.25765
2116,0.25557
2117,0.26208
2118,0.25451
2119,0.25033
2120,0.25279
2121,0.26379
2122,0.26316
2123,0.26580
2124,0.26340
2125,0.26520
2126,0.27359
2127,0.27329
2128,0.26674
2129,0.28729
2130,0.28918
2131,0.28904
2132,0.28041
2133,0.28877
2134,0.29640
2135,0.29748
2136,0.28256
2137,0.28992
2138,0.32495
2139,0.33526
2140,0.34971
2141,0.33925
2142,0.31451
2143,0.33203
2144,0.32400
2145,0.32080
2146,0.31728
2147,0.31529
2148,0.32800
2149,0.33099
2150,0.32125
2151,0.31496
2152,0.31054
2153,0.30929
2154,0.30559
2155,0.29861
2156,0.29966
2157,0.31297
2158,0.32247
2159,0.32748
2160,0.32249
2161,0.32397
2162,0.30912
2163,0.29896
2164,0.29705
2165,0.28509
2166,0.28510
2167,0.29570
2168,0.30064
2169,0.29431
2170,0.29330
2171,0.29573
2172,0.29504
2173,0.30219
2174,0.30809
2175,0.30979
2176,0.30483
2177,0.30502
2178,0.30554
2179,0.30026
2180,1.31578
2181,1.21057
2182,1.12325
2183,1.03970
2184,0.96278
2185,0.88751
2186,0.82540
2187,0.77820
2188,0.73504
2189,0.68206
2190,0.63129
2191,0.59138
2192,0.55234
2193,0.52042
2194,0.49264
2195,0.46920
2196,0.44684
2197,0.42853
2198,0.41478
2199,0.40819
2200,0.39181
2201,0.38503
2202,0.37073
2203,0.36393
2204,0.34961
2205,0.33609
2206,0.34014
2207,0.32710
2208,0.32039
2209,0.31149
2210,0.30934
2211,0.29428
2212,0.31061
2213,0.30458
2214,0.31745
2215,0.32280
2216,0.32668
2217,0.32957
2218,0.32423
2219,0.32652
2220,0.32441
2221,0.32066
2222,0.31510
2223,0.31631
2224,0.32016
2225,0.31630
2226,0.32312
2227,0.32340
2228,0.32256
2229,0.32254
2230,0.31794
2231,0.31222
2232,0.31264
2233,0.32037
2234,0.31915
2235,0.32518
2236,0.33783
2237,0.33092
2238,0.32039
2239,0.30850
2240,0.30657
2241,0.31905
2242,0.31771
2243,0.31224
2244,0.31410
2245,0.30921
2246,0.30108
2247,0.29488
2248,0.28746
2249,0.28084
2250,0.28241
2251,0.28253
2252,0.28682
2253,0.28261
2254,0.28529
2255,0.28598
2256,0.28591
2257,0.28150
2258,0.27428
2259,0.30307
2260,0.30052
2261,0.29704
2262,0.30441
2263,0.31641
2264,0.32197
2265,0.32646
2266,0.31673
2267,0.29546
2268,0.30178
2269,0.29629
2270,0.29533
2271,0.29302
2272,0.28772
2273,0.28952
2274,0.28349
2275,0.27297
2276,0.25931
2277,0.25648
2278,0.25885
2279,0.24764
2280,0.26406
2281,0.25511
2282,0.25453
2283,0.25109
2284,0.26099
2285,0.26524
2286,0.27306
2287,0.25972
2288,0.25342
2289,0.25538
2290,0.25506
2291,0.25889
2292,0.26417
2293,0.27772
2294,0.30533
2295,0.30753
2296,0.31088
2297,0.29888
2298,0.30665
2299,0.29308
2300,0.28510
2301,0.28182
2302,0.27401
2303,0.26738
2304,0.26001
2305,0.25482
2306,0.26015
2307,0.26186
2308,0.27696
2309,0.28349
2310,0.28122
2311,0.27107
2312,0.26183
2313,0.25722
2314,0.26103
2315,0.26000
2316,0.26292
2317,0.27141
2318,0.26021
2319,0.25407
2320,0.26594
2321,0.27619
2322,0.26004
2323,0.25341
2324,0.25523
2325,0.25702
2326,0.25506
2327,0.25584
2328,0.26195
2329,0.25641
2330,0.26664
2331,0.27028
2332,0.27871
2333,0.27318
2334,0.27129
2335,0.27286
2336,0.27607
2337,0.28066
2338,1.40743
2339,1.29149
2340,1.18722
2341,1.09618
2342,1.00909
2343,0.95320
2344,0.88477
2345,0.84047
2346,0.79815
2347,0.76098
2348,0.70665
2349,0.65885
2350,0.61143
2351,0.57587
2352,0.54637
2353,0.52086
2354,0.49265
2355,0.46857
2356,0.44245
2357,0.42420
2358,0.40342
2359,0.39036
2360,0.37302
2361,0.35736
2362,0.33684
2363,0.32877
2364,0.31372
2365,0.30584
2366,0.31107
2367,0.30187
2368,0.29838
2369,0.29412
2370,0.28875
2371,0.27623
2372,0.27942
2373,0.27851
2374,0.28463
2375,0.28537
2376,0.28647
2377,0.29356
2378,0.29743
2379,0.29247
2380,0.29183
2381,0.28348
2382,0.28363
2383,0.28783
2384,0.29827
2385,0.29564
2386,0.28577
2387,0.28597
2388,0.28506
2389,0.28006
2390,0.27550
2391,0.27082
2392,0.29002
2393,0.28322
2394,0.28813
2395,0.29400
2396,0.29351
2397,0.29053
2398,0.29457
2399,0.29505
2400,0.29500
2401,0.28841
2402,0.28575
2403,0.28446
2404,0.27042
2405,0.26816
2406,0.25919
2407,0.29029
2408,0.27653
2409,0.27812
2410,0.27779
2411,0.27831
2412,0.27483
2413,0.26633
2414,0.25519
2415,0.25746
2416,0.25457
2417,0.26552
2418,0.28231
2419,0.29254
2420,0.29129
2421,0.27609
2422,0.27372
2423,0.27934
2424,0.30609
2425,0.31915
2426,0.32030
2427,0.31640
2428,0.31109
2429,0.32007
2430,0.33693
2431,0.34672
2432,0.33908
2433,0.33637
2434,0.33091
2435,0.33780
2436,0.33515
2437,0.33647
2438,0.33858
2439,0.34066
2440,0.33041
2441,0.32917
2442,0.31989
2443,0.32937
2444,0.33041
2445,0.31930
2446,0.32351
2447,0.32636
2448,0.31270
2449,0.33805
2450,0.35076
2451,0.35169
2452,0.35196
2453,0.34042
2454,0.32716
2455,0.31465
2456,0.31764
2457,0.31002
2458,0.31605
2459,0.30707
2460,0.30107
2461,0.30881
2462,0.33396
2463,0.33779
2464,0.33261
2465,0.33809
2466,0.32319
2467,0.30630
2468,0.30135
2469,0.30299
2470,0.30733
2471,0.30088
2472,0.29758
2473,0.28856
2474,0.27980
2475,0.28016
2476,0.28641
2477,0.27451
2478,0.27584
2479,0.28885
2480,0.27502
2481,0.27051
2482,0.27746
2483,0.27310
2484,0.26608
2485,0.27273
2486,0.26661
2487,0.27395
2488,0.27082
2489,0.27124
2490,0.26258
2491,0.27107
2492,0.25477
2493,0.27006
2494,0.27269
2495,0.28295
2496,1.40637
2497,1.28941
2498,1.17132
2499,1.09327
2500,1.01073
2501,0.93556
2502,0.86382
2503,0.80280
2504,0.74458
2505,0.70750
2506,0.65895
2507,0.61970
2508,0.58229
2509,0.54463
2510,0.51874
2511,0.48771
2512,0.46849
2513,0.44384
2514,0.42625
2515,0.40878
2516,0.40360
2517,0.38454
2518,0.37857
2519,0.36028
2520,0.34116
2521,0.35050
2522,0.34449
2523,0.32921
2524,0.31792
2525,0.32206
2526,0.30999
2527,0.29874
2528,0.30750
2529,0.31045
2530,0.29691
2531,0.29025
2532,0.28982
2533,0.28073
2534,0.28852
2535,0.29170
2536,0.29670
2537,0.30103
2538,0.31188
2539,0.31524
2540,0.31195
2541,0.30118
2542,0.29628
2543,0.30111
2544,0.29957
2545,0.28243
2546,0.28434
2547,0.28812
2548,0.28898
2549,0.27918
2550,0.27400
2551,0.26641
2552,0.25614
2553,0.25930
2554,0.25578
2555,0.26086
2556,0.25108
2557,0.24253
2558,0.24900
2559,0.24672
2560,0.25058
2561,0.27653
2562,0.26417
2563,0.26778
2564,0.26577
2565,0.26170
2566,0.26775
2567,0.26802
2568,0.27403
2569,0.27204
2570,0.27131
2571,0.27479
2572,0.27584
2573,0.26825
2574,0.26944
2575,0.27132
2576,0.29728
2577,0.30645
2578,0.30261
2579,0.31461
2580,0.31044
2581,0.31044
2582,0.31483
2583,0.30767
2584,0.30544
2585,0.30797
2586,0.29446
2587,0.29101
2588,0.28973
2589,0.29095
2590,0.28753
2591,0.26777
2592,0.27513
2593,0.27290
2594,0.27103
2595,0.27393
2596,0.27433
2597,0.29366
2598,0.28447
2599,0.27794
2600,0.29684
2601,0.30955
2602,0.29586
2603,0.29149
2604,0.28467
2605,0.27808
2606,0.28476
2607,0.27626
2608,0.29191
2609,0.29125
2610,0.29770
2611,0.28857
2612,0.28109
2613,0.27305
2614,0.28263
2615,0.28083
2616,0.26924
2617,0.27734
2618,0.26982
2619,0.28378
2620,0.27854
2621,0.28123
2622,0.30132
2623,0.28945
2624,0.27776
2625,0.28184
2626,0.27521
2627,0.28059
2628,0.29138
2629,0.28697
2630,0.29537
2631,0.29254
2632,0.29533
2633,0.29394
2634,0.30179
2635,0.30085
2636,0.30541
2637,0.29814
2638,0.29658
2639,0.31430
2640,0.32616
2641,0.32382
2642,0.33085
2643,0.32926
2644,0.33142
2645,0.32218
2646,0.32508
2647,0.31560
2648,0.31064
2649,0.30490
2650,0.29346
2651,0.29280
2652,0.29006
2653,0.29179
2654,1.35246
2655,1.25098
2656,1.15627
2657,1.06840
2658,0.99252
2659,0.91582
2660,0.84667
2661,0.81095
2662,0.75836
2663,0.70357
2664,0.66497
2665,0.61314
2666,0.58200
2667,0.55878
2668,0.53356
2669,0.50401
2670,0.48093
2671,0.45527
2672,0.44201
2673,0.41822
2674,0.40287
2675,0.39514
2676,0.38721
2677,0.36421
2678,0.37468
2679,0.35923
2680,0.35009
2681,0.34981
2682,0.34273
2683,0.33718
2684,0.33832
2685,0.33090
2686,0.31738
2687,0.30599
2688,0.30439
2689,0.30815
2690,0.30013
2691,0.30148
2692,0.29891
2693,0.30253
2694,0.29523
2695,0.30492
2696,0.30037
2697,0.30033
2698,0.28995
2699,0.28516
2700,0.28922
2701,0.27675
2702,0.27331
2703,0.28043
2704,0.27233
2705,0.26465
2706,0.25397
2707,0.25265
2708,0.25266
2709,0.25221
2710,0.25773
2711,0.26030
2712,0.25397
2713,0.26826
2714,0.26335
2715,0.26406
2716,0.25988
2717,0.25959
2718,0.26128
2719,0.25026
2720,0.26518
2721,0.26246
2722,0.26367
2723,0.25752
2724,0.25935
2725,0.24813
2726,0.24971
2727,0.26295
2728,0.25186
2729,0.23819
2730,0.24434
2731,0.23881
2732,0.23779
2733,0.24711
2734,0.28407
2735,0.27783
2736,0.28361
2737,0.27711
2738,0.27221
2739,0.25991
2740,0.25596
2741,0.25063
2742,0.24782
2743,0.24678
2744,0.25060
2745,0.24856
2746,0.23703
2747,0.24349
2748,0.24316
2749,0.24827
2750,0.25764
2751,0.25943
2752,0.26393
2753,0.25913
2754,0.27802
2755,0.27686
2756,0.27816
2757,0.26775
2758,0.27777
2759,0.29959
2760,0.31738
2761,0.32950
2762,0.33281
2763,0.32407
2764,0.32607
2765,0.33319
2766,0.34985
2767,0.34843
2768,0.34236
2769,0.33824
2770,0.33639
2771,0.33654
2772,0.33445
2773,0.32810
2774,0.33973
2775,0.34215
2776,0.33867
2777,0.34475
2778,0.35707
2779,0.37167
2780,0.36668
2781,0.35133
2782,0.34786
2783,0.34826
2784,0.34729
2785,0.34535
2786,0.33343
2787,0.32047
2788,0.31997
2789,0.32029
2790,0.31408
2791,0.32629
2792,0.32156
2793,0.32036
2794,0.32385
2795,0.32656
2796,0.31718
2797,0.33099
2798,0.31641
2799,0.30206
2800,0.29266
2801,0.29479
2802,0.28609
2803,0.28432
2804,0.29302
2805,0.28273
2806,0.28415
2807,0.29391
2808,0.28651
2809,0.29768
2810,0.28717
2811,0.28829
2812,1.29664
2813,1.18922
2814,1.10435
2815,1.02131
2816,0.93956
2817,0.87375
2818,0.81085
2819,0.75029
2820,0.69969
2821,0.64954
2822,0.60284
2823,0.56549
2824,0.53579
2825,0.50825
2826,0.47576
2827,0.45151
2828,0.43615
2829,0.41764
2830,0.39721
2831,0.38162
2832,0.37058
2833,0.35707
2834,0.34224
2835,0.34603
2836,0.33712
2837,0.32603
2838,0.32535
2839,0.31359
2840,0.31685
2841,0.31319
2842,0.31781
2843,0.32698
2844,0.31730
2845,0.31155
2846,0.31797
2847,0.32795
2848,0.30712
2849,0.30243
2850,0.30203
2851,0.28563
2852,0.27749
2853,0.29413
2854,0.30705
2855,0.32844
2856,0.32768
2857,0.32921
2858,0.31871
2859,0.31230
2860,0.30868
2861,0.31632
2862,0.32155
2863,0.30526
2864,0.29311
2865,0.29557
2866,0.28625
2867,0.27749
2868,0.29404
2869,0.30690
2870,0.31282
2871,0.31994
2872,0.30806
2873,0.30276
2874,0.30479
2875,0.29780
2876,0.29112
2877,0.28025
2878,0.27379
2879,0.28508
2880,0.28377
2881,0.27516
2882,0.28061
2883,0.28084
2884,0.27728
2885,0.27833
2886,0.27333
2887,0.28261
2888,0.27754
2889,0.28624
2890,0.28596
2891,0.29193
2892,0.27528
2893,0.28323
2894,0.29212
2895,0.28920
2896,0.29233
2897,0.30498
2898,0.28975
2899,0.28605
2900,0.28337
2901,0.27462
2902,0.27093
2903,0.28068
2904,0.27675
2905,0.27320
2906,0.26862
2907,0.26252
2908,0.25615
2909,0.25382
2910,0.24865
2911,0.24717
2912,0.24459
2913,0.24108
2914,0.24786
2915,0.27495
2916,0.26417
2917,0.25520
2918,0.25757
2919,0.26021
2920,0.26079
2921,0.25987
2922,0.25854
2923,0.24981
2924,0.24077
2925,0.24035
2926,0.24591
2927,0.24614
2928,0.24773
2929,0.27088
2930,0.27987
2931,0.27048
2932,0.25910
2933,0.26085
2934,0.27454
2935,0.26992
2936,0.28608
2937,0.29063
2938,0.29666
2939,0.28746
2940,0.28266
2941,0.26992
2942,0.27045
2943,0.26454
2944,0.25813
2945,0.26439
2946,0.26171
2947,0.26002
2948,0.26487
2949,0.27491
2950,0.27929
2951,0.27437
2952,0.27997
2953,0.27035
2954,0.26432
2955,0.27475
2956,0.28973
2957,0.29619
2958,0.28343
2959,0.29061
2960,0.28297
2961,0.29276
2962,0.29061
2963,0.29915
2964,0.28864
2965,0.29068
2966,0.29663
2967,0.30288
2968,0.28910
2969,0.27395
2970,1.40422
2971,1.29416
2972,1.18336
2973,1.08390
2974,1.01244
2975,0.93809
2976,0.87902
2977,0.82061
2978,0.75981
2979,0.70809
2980,0.66270
2981,0.61709
2982,0.57737
2983,0.53293
2984,0.50679
2985,0.47308
2986,0.45522
2987,0.45235
2988,0.42733
2989,0.41094
2990,0.39578
2991,0.37560
2992,0.36336
2993,0.34382
2994,0.32691
2995,0.32412
2996,0.32012
2997,0.31828
2998,0.30570
2999,0.30128
3000,0.29031
3001,0.27941
3002,0.27821
3003,0.27689
3004,0.26935
3005,0.27100
3006,0.26688
3007,0.26149
3008,0.25602
3009,0.25351
3010,0.25138
3011,0.25362
3012,0.25977
3013,0.25570
3014,0.25800
3015,0.25229
3016,0.25415
3017,0.25418
3018,0.23965
3019,0.25920
3020,0.26279
3021,0.25518
3022,0.25781
3023,0.25582
3024,0.26346
3025,0.26044
3026,0.25703
3027,0.24314
3028,0.25320
3029,0.24960
3030,0.25369
3031,0.25240
3032,0.24931
3033,0.24701
3034,0.24852
3035,0.23404
3036,0.22861
3037,0.23522
3038,0.23441
3039,0.23941
3040,0.23721
3041,0.23438
3042,0.22698
3043,0.22074
3044,0.22920
3045,0.23756
3046,0.24107
3047,0.23352
3048,0.25174
3049,0.25054
3050,0.24555
3051,0.23863
3052,0.24417
3053,0.25057
3054,0.26568
3055,0.26969
3056,0.28878
3057,0.28376
3058,0.28246
3059,0.27351
3060,0.26396
3061,0.26651
3062,0.26569
3063,0.25723
3064,0.26113
3065,0.25980
3066,0.25605
3067,0.24651
3068,0.24285
3069,0.24015
3070,0.23575
3071,0.24603
3072,0.25237
3073,0.25862
3074,0.26907
3075,0.25902
3076,0.25146
3077,0.25803
3078,0.25256
3079,0.26043
3080,0.25052
3081,0.24711
3082,0.24643
3083,0.25173
3084,0.25207
3085,0.25252
3086,0.24923
3087,0.24231
3088,0.25577
3089,0.24624
3090,0.24279
3091,0.24253
3092,0.23926
3093,0.24759
3094,0.26858
3095,0.25978
3096,0.26379
3097,0.25698
3098,0.24755
3099,0.25503
3100,0.25886
3101,0.27601
3102,0.25974
3103,0.26220
3104,0.26325
3105,0.26455
3106,0.25406
3107,0.25798
3108,0.25910
3109,0.25622
3110,0.25395
3111,0.24573
3112,0.25268
3113,0.25046
3114,0.24773
3115,0.25926
3116,0.25710
3117,0.27200
3118,0.27062
3119,0.27383
3120,0.28307
3121,0.27126
3122,0.29220
3123,0.29258
3124,0.27594
3125,0.28196
3126,0.27402
3127,0.27391
3128,1.34711
3129,1.24921
3130,1.16480
3131,1.07809
3132,1.00090
3133,0.92605
3134,0.87201
3135,0.80793
3136,0.75765
3137,0.70590
3138,0.65944
3139,0.61902
3140,0.59402
3141,0.57046
3142,0.52953
3143,0.49635
3144,0.47000
3145,0.44463
3146,0.41630
3147,0.40496
3148,0.39074
3149,0.37322
3150,0.37915
3151,0.36912
3152,0.35650
3153,0.34265
3154,0.33413
3155,0.32410
3156,0.31267
3157,0.30615
3158,0.31734
3159,0.31340
3160,0.29147
3161,0.27178
3162,0.27470
3163,0.26074
3164,0.25018
3165,0.23853
3166,0.26699
3167,0.25682
3168,0.26146
3169,0.26361
3170,0.26482
3171,0.25983
3172,0.25582
3173,0.25044
3174,0.24733
3175,0.25090
3176,0.25332
3177,0.25676
3178,0.25460
3179,0.25527
3180,0.25089
3181,0.23718
3182,0.23809
3183,0.23192
3184,0.24382
3185,0.25610
3186,0.24862
3187,0.25424
3188,0.24907
3189,0.24441
3190,0.26625
3191,0.25669
3192,0.25016
3193,0.25084
3194,0.25098
3195,0.24970
3196,0.24807
3197,0.25576
3198,0.28293
3199,0.30850
3200,0.33146
3201,0.32706
3202,0.33535
3203,0.33236
3204,0.33730
3205,0.34602
3206,0.33994
3207,0.34155
3208,0.34580
3209,0.33592
3210,0.32453
3211,0.34322
3212,0.34525
3213,0.33872
3214,0.32608
3215,0.31196
3216,0.30391
3217,0.30316
3218,0.30045
3219,0.29262
3220,0.29642
3221,0.27939
3222,0.28416
3223,0.28629
3224,0.28551
3225,0.29049
3226,0.29217
3227,0.28658
3228,0.29403
3229,0.28460
3230,0.28139
3231,0.27137
3232,0.27183
3233,0.26348
3234,0.26250
3235,0.26188
3236,0.25797
3237,0.25789
3238,0.25920
3239,0.26052
3240,0.25928
3241,0.26925
3242,0.26024
3243,0.25436
3244,0.25140
3245,0.24686
3246,0.25909
3247,0.26218
3248,0.27437
3249,0.26421
3250,0.25862
3251,0.25906
3252,0.26051
3253,0.25823
3254,0.24840
3255,0.24627
3256,0.24575
3257,0.24746
3258,0.25886
3259,0.25361
3260,0.24581
3261,0.24304
3262,0.24887
3263,0.24561
3264,0.25532
3265,0.25741
3266,0.25944
3267,0.25268
3268,0.24809
3269,0.23971
3270,0.23236
3271,0.23015
3272,0.21818
3273,0.21262
3274,0.21122
3275,0.21115
3276,0.22850
3277,0.24167
3278,0.26981
3279,0.28170
3280,0.27597
3281,0.26466
3282,0.26799
3283,0.27482
3284,0.27793
3285,0.29168
3286,1.28267
3287,1.20600
3288,1.13319
3289,1.05145
3290,0.99021
3291,0.92212
3292,0.84789
3293,0.78710
3294,0.72761
3295,0.67651
3296,0.63802
3297,0.59137
3298,0.54993
3299,0.52732
3300,0.49278
3301,0.46918
3302,0.44465
3303,0.42938
3304,0.40337
3305,0.40026
3306,0.38708
3307,0.36697
3308,0.35648
3309,0.33615
3310,0.32632
3311,0.32904
3312,0.31996
3313,0.31203
3314,0.31399
3315,0.31174
3316,0.29927
3317,0.29314
3318,0.28525
3319,0.27699
3320,0.27314
3321,0.27312
3322,0.27212
3323,0.27092
3324,0.25804
3325,0.25490
3326,0.25502
3327,0.26363
3328,0.26130
3329,0.25427
3330,0.25823
3331,0.25594
3332,0.25803
3333,0.25635
3334,0.25780
3335,0.26268
3336,0.28016
3337,0.27894
3338,0.27478
3339,0.26994
3340,0.28019
3341,0.27646
3342,0.26562
3343,0.25814
3344,0.25953
3345,0.25546
3346,0.26502
3347,0.25360
3348,0.25995
3349,0.26501
3350,0.26209
3351,0.25716
3352,0.25024
3353,0.24957
3354,0.25735
3355,0.25278
3356,0.24262
3357,0.25312
3358,0.25248
3359,0.26477
3360,0.25685
3361,0.25246
3362,0.24740
3363,0.24108
3364,0.23546
3365,0.23435
3366,0.23038
3367,0.22850
3368,0.23254
3369,0.23649
3370,0.24452
3371,0.24075
3372,0.23802
3373,0.24407
3374,0.24484
3375,0.24959
3376,0.25172
3377,0.24742
3378,0.25303
3379,0.25188
3380,0.25259
3381,0.24982
3382,0.25182
3383,0.25681
3384,0.26342
3385,0.26014
3386,0.26576
3387,0.25241
3388,0.27698
3389,0.26963
3390,0.26319
3391,0.25330
3392,0.27151
3393,0.26687
3394,0.25503
3395,0.25037
3396,0.26660
3397,0.26083
3398,0.25638
3399,0.24478
3400,0.24094
3401,0.22904
3402,0.23258
3403,0.22047
3404,0.21940
3405,0.22301
3406,0.22481
3407,0.23388
3408,0.23704
3409,0.23553
3410,0.25548
3411,0.25778
3412,0.24821
3413,0.26254
3414,0.26228
3415,0.28049
3416,0.28043
3417,0.28454
3418,0.28758
3419,0.26960
3420,0.27839
3421,0.27479
3422,0.26584
3423,0.26660
3424,0.25690
3425,0.25629
3426,0.26439
3427,0.26888
3428,0.26384
3429,0.25184
3430,0.24913
3431,0.25645
3432,0.26098
3433,0.25137
3434,0.23741
3435,0.23635
3436,0.23788
3437,0.24407
3438,0.26409
3439,0.25831
3440,0.29162
3441,0.31844
3442,0.31533
3443,0.29891
3444,1.28715
3445,1.19730
3446,1.10791
3447,1.03108
3448,0.95229
3449,0.88208
3450,0.82063
3451,0.76485
3452,0.71909
3453,0.67264
3454,0.63119
3455,0.60110
3456,0.57467
3457,0.54765
3458,0.51635
3459,0.48596
3460,0.45008
3461,0.42165
3462,0.40727
3463,0.39492
3464,0.38675
3465,0.37573
3466,0.36751
3467,0.35420
3468,0.34855
3469,0.34497
3470,0.32777
3471,0.32245
3472,0.32362
3473,0.32561
3474,0.32346
3475,0.31896
3476,0.33440
3477,0.34706
3478,0.34096
3479,0.33132
3480,0.31260
3481,0.30987
3482,0.29218
3483,0.29585
3484,0.28733
3485,0.29025
3486,0.30450
3487,0.29303
3488,0.28791
3489,0.28988
3490,0.28374
3491,0.28189
3492,0.27922
3493,0.27396
3494,0.27867
3495,0.27458
3496,0.26239
3497,0.28335
3498,0.27785
3499,0.28092
3500,0.26927
3501,0.28124
3502,0.27465
3503,0.27926
3504,0.27965
3505,0.26732
3506,0.27893
3507,0.28838
3508,0.29927
3509,0.29922
3510,0.29284
3511,0.29895
3512,0.28590
3513,0.27441
3514,0.28338
3515,0.29747
3516,0.29099
3517,0.28479
3518,0.27807
3519,0.27444
3520,0.28006
3521,0.27168
3522,0.26153
3523,0.27200
3524,0.27998
3525,0.28973
3526,0.29175
3527,0.28968
3528,0.31709
3529,0.31503
3530,0.32938
3531,0.32120
3532,0.32775
3533,0.31526
3534,0.32063
3535,0.31104
3536,0.30729
3537,0.31027
3538,0.31927
3539,0.31669
3540,0.34040
3541,0.34617
3542,0.34886
3543,0.33977
3544,0.33602
3545,0.33262
3546,0.34165
3547,0.34916
3548,0.34397
3549,0.32744
3550,0.33161
3551,0.33041
3552,0.31741
3553,0.31353
3554,0.29794
3555,0.29010
3556,0.29821
3557,0.28993
3558,0.27563
3559,0.28478
3560,0.27617
3561,0.27470
3562,0.27718
3563,0.27272
3564,0.26943
3565,0.26489
3566,0.27104
3567,0.28702
3568,0.30707
3569,0.29274
3570,0.28451
3571,0.29425
3572,0.30183
3573,0.29445
3574,0.27441
3575,0.27548
3576,0.26855
3577,0.26460
3578,0.26451
3579,0.26633
3580,0.26786
3581,0.26680
3582,0.29421
3583,0.29785
3584,0.29026
3585,0.30730
3586,0.29676
3587,0.29672
3588,0.29379
3589,0.27902
3590,0.28525
3591,0.27735
3592,0.26557
3593,0.26383
3594,0.28650
3595,0.27698
3596,0.28442
3597,0.27663
3598,0.27365
3599,0.27249
3600,0.27707
3601,0.29998
3602,1.29864
3603,1.19588
3604,1.11985
3605,1.04945
3606,0.97525
3607,0.90362
3608,0.85544
3609,0.79185
3610,0.73368
3611,0.68925
3612,0.64973
3613,0.62523
3614,0.60217
3615,0.57047
3616,0.54505
3617,0.50755
3618,0.51036
3619,0.50393
3620,0.48208
3621,0.46061
3622,0.44884
3623,0.45035
3624,0.43087
3625,0.42347
3626,0.40889
3627,0.39314
3628,0.37566
3629,0.36633
3630,0.37104
3631,0.35998
3632,0.35864
3633,0.35418
3634,0.33689
3635,0.32172
3636,0.30868
3637,0.30923
3638,0.29692
3639,0.28298
3640,0.28111
3641,0.26847
3642,0.28246
3643,0.28573
3644,0.28739
3645,0.28406
3646,0.27159
3647,0.27869
3648,0.28353
3649,0.28069
3650,0.27730
3651,0.27290
3652,0.26850
3653,0.26181
3654,0.27288
3655,0.27237
3656,0.26261
3657,0.25289
3658,0.24753
3659,0.23827
3660,0.23605
3661,0.22586
3662,0.21766
3663,0.21408
3664,0.23602
3665,0.22982
3666,0.23561
3667,0.23470
3668,0.23791
3669,0.24245
3670,0.23992
3671,0.23087
3672,0.23927
3673,0.23626
3674,0.24081
3675,0.22915
3676,0.22898
3677,0.22924
3678,0.23151
3679,0.22718
3680,0.22513
3681,0.22136
3682,0.22153
3683,0.21987
3684,0.23209
3685,0.23255
3686,0.23198
3687,0.25630
3688,0.26293
3689,0.25073
3690,0.24604
3691,0.25159
3692,0.24613
3693,0.24726
3694,0.25286
3695,0.24060
3696,0.25645
3697,0.25396
3698,0.25443
3699,0.25554
3700,0.25643
3701,0.26793
3702,0.26035
3703,0.26161
3704,0.25204
3705,0.26275
3706,0.25449
3707,0.24983
3708,0.24204
3709,0.24310
3710,0.24959
3711,0.27183
3712,0.26042
3713,0.27430
3714,0.26101
3715,0.26771
3716,0.26412
3717,0.28099
3718,0.27179
3719,0.26273
3720,0.25252
3721,0.24456
3722,0.24843
3723,0.24798
3724,0.25202
3725,0.24070
3726,0.24298
3727,0.25068
3728,0.25962
3729,0.24762
3730,0.24701
3731,0.25516
3732,0.25589
3733,0.25051
3734,0.25235
3735,0.24826
3736,0.26538
3737,0.25322
3738,0.25186
3739,0.25445
3740,0.24772
3741,0.25729
3742,0.25508
3743,0.25469
3744,0.25482
3745,0.25632
3746,0.25305
3747,0.26228
3748,0.25836
3749,0.26080
3750,0.26182
3751,0.26604
3752,0.27093
3753,0.27900
3754,0.28835
3755,0.28854
3756,0.28707
3757,0.29199
3758,0.30108
3759,0.31342
3760,1.31327
3761,1.20536
3762,1.12309
3763,1.02895
3764,0.94931
3765,0.89224
3766,0.82460
3767,0.77730
3768,0.72762
3769,0.67925
3770,0.62302
3771,0.58505
3772,0.55171
3773,0.51656
3774,0.48686
3775,0.45445
3776,0.43530
3777,0.43617
3778,0.41519
3779,0.39124
3780,0.37857
3781,0.37963
3782,0.35782
3783,0.36539
3784,0.35307
3785,0.36217
3786,0.35522
3787,0.35570
3788,0.33324
3789,0.33697
3790,0.34106
3791,0.33925
3792,0.35402
3793,0.35175
3794,0.34487
3795,0.34323
3796,0.35072
3797,0.36501
3798,0.36638
3799,0.35888
3800,0.33904
3801,0.32471
3802,0.30882
3803,0.30961
3804,0.30223
3805,0.29025
3806,0.28516
3807,0.28729
3808,0.28191
3809,0.28048
3810,0.27169
3811,0.28445
3812,0.28093
3813,0.27683
3814,0.27570
3815,0.27013
3816,0.26040
3817,0.24736
3818,0.24413
3819,0.24436
3820,0.24291
3821,0.25369
3822,0.24749
3823,0.25669
3824,0.27353
3825,0.26057
3826,0.26136
3827,0.25656
3828,0.25554
3829,0.25890
3830,0.26968
3831,0.27214
3832,0.27739
3833,0.27382
3834,0.27924
3835,0.27089
3836,0.27837
3837,0.27765
3838,0.27447
3839,0.27527
3840,0.27696
3841,0.26566
3842,0.26669
3843,0.27317
3844,0.26533
3845,0.25415
3846,0.25400
3847,0.26432
3848,0.26523
3849,0.26255
3850,0.26280
3851,0.25620
3852,0.24778
3853,0.25835
3854,0.25635
3855,0.25840
3856,0.25693
3857,0.25639
3858,0.25250
3859,0.24878
3860,0.25489
3861,0.25911
3862,0.25683
3863,0.24587
3864,0.24737
3865,0.24173
3866,0.24284
3867,0.23547
3868,0.23413
3869,0.23233
3870,0.22979
3871,0.22452
3872,0.22741
3873,0.24117
3874,0.23735
3875,0.24513
3876,0.23473
3877,0.24024
3878,0.24262
3879,0.24225
3880,0.24205
3881,0.23667
3882,0.23550
3883,0.22386
3884,0.23110
3885,0.22500
3886,0.23516
3887,0.23625
3888,0.22628
3889,0.24105
3890,0.23350
3891,0.22753
3892,0.27403
3893,0.30737
3894,0.30256
3895,0.28783
3896,0.27766
3897,0.26787
3898,0.26417
3899,0.26733
3900,0.25289
3901,0.25044
3902,0.25410
3903,0.25597
3904,0.24274
3905,0.23122
3906,0.23908
3907,0.24448
3908,0.24379
3909,0.24795
3910,0.24689
3911,0.24467
3912,0.25298
3913,0.24144
3914,0.24294
3915,0.24680
3916,0.26747
3917,0.26502
3918,1.33621
3919,1.23993
3920,1.14801
3921,1.05097
3922,0.96298
3923,0.90088
3924,0.84151
3925,0.77804
3926,0.74151
3927,0.69166
3928,0.65177
3929,0.60248
3930,0.57354
3931,0.53284
3932,0.49896
3933,0.47724
3934,0.45813
3935,0.43748
3936,0.42132
3937,0.39953
3938,0.37943
3939,0.36483
3940,0.35888
3941,0.35793
3942,0.35663
3943,0.35621
3944,0.35324
3945,0.34417
3946,0.34593
3947,0.34182
3948,0.32361
3949,0.31071
3950,0.28273
3951,0.25712
3952,0.25893
3953,0.24833
3954,0.24552
3955,0.25751
3956,0.25146
3957,0.25829
3958,0.24776
3959,0.24207
3960,0.23823
3961,0.23773
3962,0.23011
3963,0.23793
3964,0.23355
3965,0.24412
3966,0.24849
3967,0.24546
3968,0.23814
3969,0.23641
3970,0.23675
3971,0.23325
3972,0.23533
3973,0.23690
3974,0.23382
3975,0.23746
3976,0.23769
3977,0.23766
3978,0.23513
3979,0.22766
3980,0.21857
3981,0.21296
3982,0.21449
3983,0.23229
3984,0.23365
3985,0.24549
3986,0.25287
3987,0.25315
3988,0.24603
3989,0.23916
3990,0.23509
3991,0.23459
3992,0.24067
3993,0.24069
3994,0.23226
3995,0.24256
3996,0.24828
3997,0.26184
3998,0.25004
3999,0.23900
4000,0.24049
4001,0.23081
4002,0.23357
4003,0.23932
4004,0.22998
4005,0.23383
4006,0.23649
4007,0.23364
4008,0.23018
4009,0.23828
4010,0.23305
4011,0.23975
4012,0.25281
4013,0.25574
4014,0.26302
4015,0.24807
4016,0.25055
4017,0.26042
4018,0.26256
4019,0.25875
4020,0.26158
4021,0.26267
4022,0.26206
4023,0.27209
4024,0.28379
4025,0.29130
4026,0.29576
4027,0.29475
4028,0.28355
4029,0.27379
4030,0.27765
4031,0.26627
4032,0.26342
4033,0.25678
4034,0.27404
4035,0.27018
4036,0.26807
4037,0.27674
4038,0.26098
4039,0.26207
4040,0.25862
4041,0.23981
4042,0.24379
4043,0.24059
4044,0.23071
4045,0.23414
4046,0.22522
4047,0.23734
4048,0.24467
4049,0.23956
4050,0.24552
4051,0.23768
4052,0.23811
4053,0.24881
4054,0.24112
4055,0.24186
4056,0.24525
4057,0.24384
4058,0.25069
4059,0.23475
4060,0.23451
4061,0.24390
4062,0.24300
4063,0.23529
4064,0.23189
4065,0.23708
4066,0.23940
4067,0.24428
4068,0.25145
4069,0.24133
4070,0.27072
4071,0.26802
4072,0.26475
4073,0.26553
4074,0.25612
4075,0.25125
4076,1.41809
4077,1.30019
4078,1.18705
4079,1.08240
4080,0.98577
4081,0.91505
4082,0.84639
4083,0.78504
4084,0.72495
4085,0.67724
4086,0.63176
4087,0.59245
4088,0.55837
4089,0.53433
4090,0.51602
4091,0.49468
4092,0.46904
4093,0.45115
4094,0.43028
4095,0.41992
4096,0.40468
4097,0.39283
4098,0.38677
4099,0.37030
4100,0.35387
4101,0.34207
4102,0.34834
4103,0.33512
4104,0.32261
4105,0.32297
4106,0.30797
4107,0.29794
4108,0.32388
4109,0.33789
4110,0.31736
4111,0.30727
4112,0.30258
4113,0.28892
4114,0.27518
4115,0.28173
4116,0.27369
4117,0.27189
4118,0.26756
4119,0.26033
4120,0.26038
4121,0.25500
4122,0.24219
4123,0.25839
4124,0.24669
4125,0.26448
4126,0.25651
4127,0.25584
4128,0.26752
4129,0.25755
4130,0.26451
4131,0.25996
4132,0.26047
4133,0.25577
4134,0.26534
4135,0.26656
4136,0.27492
4137,0.27673
4138,0.27579
4139,0.28534
4140,0.30237
4141,0.29555
4142,0.29211
4143,0.31494
4144,0.29774
4145,0.28904
4146,0.29073
4147,0.28913
4148,0.28674
4149,0.28859
4150,0.27934
4151,0.28496
4152,0.27359
4153,0.27455
4154,0.27414
4155,0.27774
4156,0.28738
4157,0.28691
4158,0.29016
4159,0.27677
4160,0.27649
4161,0.26803
4162,0.26474
4163,0.27013
4164,0.25789
4165,0.25056
4166,0.24961
4167,0.25089
4168,0.25240
4169,0.24078
4170,0.24197
4171,0.24823
4172,0.24814
4173,0.23715
4174,0.24089
4175,0.26030
4176,0.26756
4177,0.26393
4178,0.26804
4179,0.26030
4180,0.26631
4181,0.26334
4182,0.25015
4183,0.24745
4184,0.24130
4185,0.25139
4186,0.24765
4187,0.24113
4188,0.24624
4189,0.24334
4190,0.24274
4191,0.24489
4192,0.24753
4193,0.24871
4194,0.24926
4195,0.25727
4196,0.26155
4197,0.25607
4198,0.26281
4199,0.26424
4200,0.25696
4201,0.25388
4202,0.25758
4203,0.25459
4204,0.25519
4205,0.24744
4206,0.27066
4207,0.27507
4208,0.25915
4209,0.25370
4210,0.25756
4211,0.26576
4212,0.25561
4213,0.25544
4214,0.26283
4215,0.25226
4216,0.25242
4217,0.24446
4218,0.23879
4219,0.23688
4220,0.23292
4221,0.23237
4222,0.23148
4223,0.22704
4224,0.22909
4225,0.24217
4226,0.30407
4227,0.30018
4228,0.28942
4229,0.27934
4230,0.26647
4231,0.26631
4232,0.25690
4233,0.26323
4234,1.31188
4235,1.21127
4236,1.11685
4237,1.04296
4238,0.97514
4239,0.90057
4240,0.84007
4241,0.78456
4242,0.74161
4243,0.68326
4244,0.63809
4245,0.60487
4246,0.55660
4247,0.51681
4248,0.47987
4249,0.47152
4250,0.45702
4251,0.43714
4252,0.41392
4253,0.40139
4254,0.38146
4255,0.38164
4256,0.37714
4257,0.35644
4258,0.35084
4259,0.33368
4260,0.35379
4261,0.34612
4262,0.32928
4263,0.32562
4264,0.31870
4265,0.31203
4266,0.28931
4267,0.26724
4268,0.27051
4269,0.27877
4270,0.26881
4271,0.27581
4272,0.26800
4273,0.25587
4274,0.25107
4275,0.24215
4276,0.24881
4277,0.23588
4278,0.23844
4279,0.23739
4280,0.23417
4281,0.22921
4282,0.21988
4283,0.22274
4284,0.24585
4285,0.26117
4286,0.26051
4287,0.24969
4288,0.25435
4289,0.25289
4290,0.24647
4291,0.24666
4292,0.24777
4293,0.24902
4294,0.24041
4295,0.26038
4296,0.25844
4297,0.26029
4298,0.25781
4299,0.25263
4300,0.24094
4301,0.24471
4302,0.25057
4303,0.23877
4304,0.24675
4305,0.23494
4306,0.24061
4307,0.23850
4308,0.24471
4309,0.24336
4310,0.23950
4311,0.24037
4312,0.25761
4313,0.26570
4314,0.27372
4315,0.27070
4316,0.26140
4317,0.26797
4318,0.25130
4319,0.26517
4320,0.25550
4321,0.25293
4322,0.24613
4323,0.24079
4324,0.23332
4325,0.24287
4326,0.23992
4327,0.23832
4328,0.23491
4329,0.22606
4330,0.21818
4331,0.21160
4332,0.22076
4333,0.21910
4334,0.22295
4335,0.22797
4336,0.22361
4337,0.25243
4338,0.24761
4339,0.24577
4340,0.23981
4341,0.25018
4342,0.24987
4343,0.25587
4344,0.25722
4345,0.25012
4346,0.24989
4347,0.24920
4348,0.26610
4349,0.26656
4350,0.25442
4351,0.25120
4352,0.25709
4353,0.26418
4354,0.27559
4355,0.28589
4356,0.28581
4357,0.30253
4358,0.30320
4359,0.29420
4360,0.29210
4361,0.28018
4362,0.27212
4363,0.28368
4364,0.28491
4365,0.27870
4366,0.27539
4367,0.27251
4368,0.26578
4369,0.26294
4370,0.25352
4371,0.24817
4372,0.24448
4373,0.24436
4374,0.25704
4375,0.24954
4376,0.24823
4377,0.24389
4378,0.23877
4379,0.23337
4380,0.24180
4381,0.23497
4382,0.23239
4383,0.22554
4384,0.22738
4385,0.22601
4386,0.21991
4387,0.21776
4388,0.22001
4389,0.22231
4390,0.23571
4391,0.24497
4392,1.29702
4393,1.18703
4394,1.09439
4395,1.00077
4396,0.92358
4397,0.86165
4398,0.79321
4399,0.73473
4400,0.68105
4401,0.63050
4402,0.59307
4403,0.56474
4404,0.52220
4405,0.50305
4406,0.46900
4407,0.43384
4408,0.41327
4409,0.39428
4410,0.38112
4411,0.38865
4412,0.37871
4413,0.36681
4414,0.35198
4415,0.34547
4416,0.32865
4417,0.31586
4418,0.30540
4419,0.31357
4420,0.29989
4421,0.28872
4422,0.27379
4423,0.27512
4424,0.28896
4425,0.29423
4426,0.28716
4427,0.28149
4428,0.27544
4429,0.27310
4430,0.26227
4431,0.25415
4432,0.24917
4433,0.24938
4434,0.23502
4435,0.23238
4436,0.23467
4437,0.24483
4438,0.25947
4439,0.25058
4440,0.25511
4441,0.25607
4442,0.25548
4443,0.26975
4444,0.26730
4445,0.26487
4446,0.26064
4447,0.27350
4448,0.27733
4449,0.27961
4450,0.26290
4451,0.25273
4452,0.25280
4453,0.24095
4454,0.23768
4455,0.23144
4456,0.23774
4457,0.24448
4458,0.24068
4459,0.23174
4460,0.22858
4461,0.22206
4462,0.21961
4463,0.21971
4464,0.22579
4465,0.23414
4466,0.23369
4467,0.23275
4468,0.22900
4469,0.24320
4470,0.24104
4471,0.23163
4472,0.24302
4473,0.25946
4474,0.24627
4475,0.25051
4476,0.25391
4477,0.25061
4478,0.24386
4479,0.24939
4480,0.24979
4481,0.25364
4482,0.24903
4483,0.24147
4484,0.24059
4485,0.23689
4486,0.24371
4487,0.24905
4488,0.26210
4489,0.25741
4490,0.25217
4491,0.24164
4492,0.24891
4493,0.25261
4494,0.24418
4495,0.23321
4496,0.23382
4497,0.23899
4498,0.24487
4499,0.25318
4500,0.26081
4501,0.26253
4502,0.26321
4503,0.25078
4504,0.24747
4505,0.24686
4506,0.25707
4507,0.24408
4508,0.24237
4509,0.24896
4510,0.23935
4511,0.23319
4512,0.22345
4513,0.21817
4514,0.22148
4515,0.25264
4516,0.24618
4517,0.24586
4518,0.23991
4519,0.23419
4520,0.24262
4521,0.24141
4522,0.24837
4523,0.24938
4524,0.24532
4525,0.25031
4526,0.25110
4527,0.25634
4528,0.25252
4529,0.24728
4530,0.23686
4531,0.22954
4532,0.23830
4533,0.23818
4534,0.23380
4535,0.23639
4536,0.23986
4537,0.24184
4538,0.26053
4539,0.25802
4540,0.25104
4541,0.25229
4542,0.25891
4543,0.25727
4544,0.25299
4545,0.25489
4546,0.24975
4547,0.23930
4548,0.23969
4549,0.23112
4550,1.36453
4551,1.25507
4552,1.15764
4553,1.08461
4554,1.00587
4555,0.92931
4556,0.87239
4557,0.81372
4558,0.74820
4559,0.69518
4560,0.66423
4561,0.62236
4562,0.58821
4563,0.56447
4564,0.53992
4565,0.51214
4566,0.48501
4567,0.47342
4568,0.44694
4569,0.42732
4570,0.40467
4571,0.38926
4572,0.37457
4573,0.36574
4574,0.35780
4575,0.35599
4576,0.34092
4577,0.32215
4578,0.31029
4579,0.30550
4580,0.30609
4581,0.31130
4582,0.30922
4583,0.30229
4584,0.29247
4585,0.28485
4586,0.29170
4587,0.28776
4588,0.29857
4589,0.28979
4590,0.29654
4591,0.30427
4592,0.30178
4593,0.30188
4594,0.31263
4595,0.31026
4596,0.29941
4597,0.31834
4598,0.30805
4599,0.30813
4600,0.31360
4601,0.30887
4602,0.30870
4603,0.30257
4604,0.28874
4605,0.28301
4606,0.30252
4607,0.29148
4608,0.30042
4609,0.30524
4610,0.28960
4611,0.27216
4612,0.26727
4613,0.27411
4614,0.27335
4615,0.27110
4616,0.27559
4617,0.30077
4618,0.29588
4619,0.28754
4620,0.27906
4621,0.27034
4622,0.26772
4623,0.27160
4624,0.27832
4625,0.27962
4626,0.27834
4627,0.27608
4628,0.27123
4629,0.26537
4630,0.26771
4631,0.27023
4632,0.26405
4633,0.26108
4634,0.28176
4635,0.28479
4636,0.27479
4637,0.26581
4638,0.25912
4639,0.25627
4640,0.26117
4641,0.25762
4642,0.26339
4643,0.25558
4644,0.25870
4645,0.25681
4646,0.24983
4647,0.24400
4648,0.23563
4649,0.23676
4650,0.23673
4651,0.25167
4652,0.25494
4653,0.25695
4654,0.26470
4655,0.25083
4656,0.28170
4657,0.28078
4658,0.27810
4659,0.26624
4660,0.27582
4661,0.27314
4662,0.27664
4663,0.27778
4664,0.26572
4665,0.26021
4666,0.25961
4667,0.25781
4668,0.25631
4669,0.25668
4670,0.25451
4671,0.24732
4672,0.25190
4673,0.25172
4674,0.24636
4675,0.24813
4676,0.23810
4677,0.24504
4678,0.24824
4679,0.23621
4680,0.23846
4681,0.24408
4682,0.25456
4683,0.25586
4684,0.24584
4685,0.24946
4686,0.24037
4687,0.26320
4688,0.25652
4689,0.25246
4690,0.24425
4691,0.24487
4692,0.24449
4693,0.24705
4694,0.24721
4695,0.24380
4696,0.25426
4697,0.24797
4698,0.24883
4699,0.24444
4700,0.24496
4701,0.23785
4702,0.22874
4703,0.22868
4704,0.22204
4705,0.22435
4706,0.21233
4707,0.21736
4708,1.21994
4709,1.11304
4710,1.01490
