1,0.00000
2,3.57024
3,3.61875
4,3.13676
5,2.98308
6,2.75370
7,2.62407
8,2.52781
9,2.55878
10,2.43562
11,2.43661
12,2.36506
13,2.32000
14,2.20322
15,2.18514
16,2.03134
17,1.98266
18,1.85124
19,1.81199
20,1.79121
21,1.79993
22,1.78031
23,1.82906
24,1.79002
25,1.74559
26,1.76707
27,1.81531
28,1.78115
29,1.67710
30,1.64965
31,1.56058
32,1.54538
33,1.51034
34,1.46155
35,1.45423
36,1.40833
37,1.39956
38,1.38938
39,1.32431
40,1.29269
41,1.38846
42,1.39349
43,1.40449
44,1.38618
45,1.42730
46,1.36898
47,1.30788
48,1.33396
49,1.28481
50,1.26537
51,1.23605
52,1.22533
53,1.19102
54,1.15083
55,1.10294
56,1.10501
57,1.08373
58,1.05296
59,1.08579
60,1.08455
61,1.06145
62,1.08916
63,1.06832
64,1.09056
65,1.09356
66,1.07642
67,1.10936
68,1.08390
69,1.06624
70,1.07270
71,1.06796
72,1.07452
73,1.05223
74,1.07040
75,1.06484
76,1.04722
77,1.04039
78,1.06956
79,1.08323
80,1.06045
81,1.03966
82,1.01056
83,0.98924
84,0.97965
85,0.98197
86,0.94493
87,0.96235
88,0.96005
89,0.94000
90,0.91273
91,0.93344
92,0.97031
93,0.99971
94,1.01101
95,1.02303
96,1.00932
97,1.00743
98,0.99669
99,1.00255
100,0.98087
101,0.96450
102,0.94012
103,0.92577
104,0.91998
105,0.91164
106,0.91055
107,0.91139
108,0.91619
109,0.90883
110,0.89398
111,0.90074
112,0.90316
113,0.89980
114,0.88716
115,0.88483
116,0.86336
117,0.87405
118,0.87512
119,0.90751
120,0.89543
121,0.90238
122,0.89562
123,0.85745
124,0.89133
125,0.88316
126,1.37125
127,1.33449
128,1.32105
129,1.29554
130,1.24518
131,1.21733
132,1.19483
133,1.15758
134,1.13089
135,1.10194
136,1.07567
137,1.03402
138,1.00238
139,0.98294
140,0.97910
141,0.92907
142,0.92612
143,0.91412
144,0.89513
145,0.85564
146,0.85104
147,0.85731
148,0.85107
149,0.85718
150,0.84056
151,0.83457
152,0.80170
153,0.80105
154,0.80997
155,0.77566
156,0.78601
157,0.76926
158,0.74361
159,0.70615
160,0.74396
161,0.76278
162,0.78479
163,0.77864
164,0.77467
165,0.78729
166,0.79034
167,0.76234
168,0.78832
169,0.78997
170,0.78203
171,0.78305
172,0.77712
173,0.77834
174,0.78285
175,0.77973
176,0.76012
177,0.76220
178,0.74894
179,0.76081
180,0.74909
181,0.77093
182,0.76508
183,0.76494
184,0.74983
185,0.74374
186,0.72575
187,0.72230
188,0.73418
189,0.77168
190,0.76657
191,0.75732
192,0.73681
193,0.70759
194,0.68174
195,0.67541
196,0.69630
197,0.67602
198,0.66357
199,0.66060
200,0.64903
201,0.63358
202,0.62282
203,0.60974
204,0.63515
205,0.63033
206,0.61897
207,0.65684
208,0.68211
209,0.72346
210,0.72773
211,0.73103
212,0.74068
213,0.79713
214,0.82429
215,0.82729
216,0.81031
217,0.80656
218,0.79506
219,0.79774
220,0.79785
221,0.78945
222,0.75673
223,0.75906
224,0.74243
225,0.72538
226,0.70277
227,0.69024
228,0.67137
229,0.64603
230,0.64261
231,0.63919
232,0.62595
233,0.63033
234,0.64906
235,0.67102
236,0.66886
237,0.66211
238,0.66553
239,0.64708
240,0.64226
241,0.63905
242,0.63238
243,0.62192
244,0.62995
245,0.65726
246,0.67302
247,0.67703
248,0.70309
249,0.71463
250,0.72058
251,0.73059
252,0.72856
253,0.71034
254,0.70325
255,0.70973
256,0.69803
257,0.69196
258,0.69379
259,0.69739
260,0.71310
261,0.71576
262,0.72079
263,0.70262
264,0.68952
265,0.67294
266,0.66283
267,0.63357
268,0.63489
269,0.66023
270,0.64724
271,0.63787
272,0.66130
273,0.63259
274,0.63746
275,0.64170
276,0.62389
277,0.61770
278,0.60693
279,0.59379
280,0.58815
281,0.58521
282,0.59722
283,0.60743
284,1.32689
285,1.24565
286,1.19166
287,1.12143
288,1.08053
289,1.02177
290,0.98260
291,0.95820
292,0.90768
293,0.86820
294,0.83503
295,0.80179
296,0.78641
297,0.76669
298,0.75147
299,0.73813
300,0.70475
301,0.69917
302,0.69848
303,0.70462
304,0.68748
305,0.66393
306,0.64473
307,0.63015
308,0.63312
309,0.60135
310,0.58185
311,0.58630
312,0.57629
313,0.55139
314,0.54988
315,0.54769
316,0.52165
317,0.49587
318,0.53469
319,0.55003
320,0.56704
321,0.57604
322,0.59919
323,0.60031
324,0.60078
325,0.58538
326,0.57532
327,0.58169
328,0.58773
329,0.57658
330,0.58964
331,0.58604
332,0.57018
333,0.54505
334,0.53318
335,0.52790
336,0.50237
337,0.50834
338,0.49888
339,0.49352
340,0.48306
341,0.49313
342,0.49848
343,0.52268
344,0.54306
345,0.53552
346,0.51499
347,0.51393
348,0.53029
349,0.54229
350,0.53598
351,0.53619
352,0.53215
353,0.51556
354,0.50405
355,0.51139
356,0.52019
357,0.52667
358,0.51621
359,0.51775
360,0.51172
361,0.49928
362,0.53951
363,0.53476
364,0.55228
365,0.54544
366,0.54439
367,0.54913
368,0.54074
369,0.52902
370,0.53013
371,0.51958
372,0.50365
373,0.51024
374,0.49902
375,0.50417
376,0.50136
377,0.49848
378,0.49485
379,0.49804
380,0.50950
381,0.50891
382,0.50660
383,0.50289
384,0.51371
385,0.50193
386,0.48377
387,0.49096
388,0.46991
389,0.48501
390,0.50413
391,0.49996
392,0.48928
393,0.50100
394,0.50993
395,0.49484
396,0.50035
397,0.50021
398,0.51000
399,0.52103
400,0.50727
401,0.52311
402,0.51254
403,0.52295
404,0.52617
405,0.50336
406,0.48227
407,0.49438
408,0.50755
409,0.50389
410,0.52529
411,0.51841
412,0.53242
413,0.52082
414,0.51014
415,0.50100
416,0.52442
417,0.53484
418,0.53766
419,0.53730
420,0.54330
421,0.52441
422,0.52737
423,0.51393
424,0.53455
425,0.53252
426,0.51963
427,0.54093
428,0.57159
429,0.56093
430,0.55713
431,0.53662
432,0.51424
433,0.53120
434,0.53066
435,0.52222
436,0.50287
437,0.50386
438,0.50373
439,0.49730
440,0.51605
441,0.52417
442,1.45041
443,1.34222
444,1.26471
445,1.20346
446,1.13786
447,1.08318
448,1.01463
449,0.97535
450,0.92195
451,0.86903
452,0.83550
453,0.81388
454,0.78937
455,0.75622
456,0.73065
457,0.69550
458,0.68265
459,0.65307
460,0.63398
461,0.61180
462,0.58376
463,0.57018
464,0.60127
465,0.57597
466,0.55469
467,0.54149
468,0.52184
469,0.51539
470,0.49679
471,0.49299
472,0.48069
473,0.46936
474,0.47501
475,0.46782
476,0.46598
477,0.49233
478,0.50558
479,0.50987
480,0.49487
481,0.50360
482,0.49776
483,0.48507
484,0.49105
485,0.50000
486,0.49535
487,0.48973
488,0.48952
489,0.50533
490,0.52299
491,0.51010
492,0.49844
493,0.49195
494,0.47255
495,0.46416
496,0.46181
497,0.44213
498,0.43925
499,0.43716
500,0.43076
501,0.44026
502,0.45792
503,0.45961
504,0.45433
505,0.44432
506,0.43387
507,0.43758
508,0.41208
509,0.43240
510,0.41287
511,0.43087
512,0.45179
513,0.44220
514,0.42933
515,0.43821
516,0.45397
517,0.50155
518,0.48364
519,0.46720
520,0.47155
521,0.45046
522,0.45432
523,0.45302
524,0.43472
525,0.44673
526,0.45933
527,0.45981
528,0.43969
529,0.44202
530,0.45379
531,0.45668
532,0.45706
533,0.47427
534,0.47359
535,0.48574
536,0.47368
537,0.47386
538,0.47712
539,0.47844
540,0.49280
541,0.48558
542,0.47943
543,0.47521
544,0.47376
545,0.45072
546,0.45379
547,0.45465
548,0.45568
549,0.45803
550,0.44759
551,0.42156
552,0.40670
553,0.39861
554,0.40757
555,0.45446
556,0.44408
557,0.46380
558,0.46725
559,0.46245
560,0.48684
561,0.48812
562,0.48729
563,0.48026
564,0.46969
565,0.47390
566,0.47013
567,0.46808
568,0.44756
569,0.43416
570,0.42837
571,0.43346
572,0.44434
573,0.44994
574,0.43836
575,0.42336
576,0.42317
577,0.41035
578,0.39195
579,0.39043
580,0.39376
581,0.41559
582,0.45302
583,0.45231
584,0.43709
585,0.42168
586,0.43166
587,0.42937
588,0.40287
589,0.41674
590,0.43873
591,0.45013
592,0.45740
593,0.45877
594,0.45209
595,0.46203
596,0.47376
597,0.47428
598,0.47676
599,0.46514
600,1.38680
601,1.29971
602,1.23060
603,1.17814
604,1.11301
605,1.07502
606,1.00858
607,0.94735
608,0.88821
609,0.85518
610,0.81536
611,0.76471
612,0.72788
613,0.68585
614,0.65570
615,0.61804
616,0.60049
617,0.57414
618,0.54238
619,0.53130
620,0.51411
621,0.48857
622,0.46874
623,0.47563
624,0.51589
625,0.49839
626,0.47751
627,0.46049
628,0.46113
629,0.46645
630,0.46328
631,0.44749
632,0.45592
633,0.45997
634,0.44691
635,0.44661
636,0.44649
637,0.43394
638,0.43691
639,0.43603
640,0.42133
641,0.42523
642,0.42525
643,0.42805
644,0.41957
645,0.41662
646,0.40791
647,0.39338
648,0.39658
649,0.38400
650,0.36943
651,0.37674
652,0.36098
653,0.37021
654,0.40026
655,0.41650
656,0.43973
657,0.42266
658,0.42321
659,0.41585
660,0.40630
661,0.39465
662,0.40943
663,0.42493
664,0.41401
665,0.43042
666,0.44077
667,0.44351
668,0.44537
669,0.44666
670,0.43300
671,0.42583
672,0.42329
673,0.42982
674,0.44815
675,0.44674
676,0.44393
677,0.44421
678,0.43893
679,0.45282
680,0.47777
681,0.46372
682,0.46599
683,0.46090
684,0.46361
685,0.46302
686,0.45245
687,0.45475
688,0.45930
689,0.45484
690,0.43715
691,0.41887
692,0.41506
693,0.39555
694,0.38911
695,0.38504
696,0.37570
697,0.37566
698,0.38812
699,0.37936
700,0.37464
701,0.38635
702,0.38761
703,0.38811
704,0.40535
705,0.41559
706,0.40912
707,0.40543
708,0.42273
709,0.40419
710,0.39925
711,0.40293
712,0.40220
713,0.39597
714,0.40085
715,0.40072
716,0.39808
717,0.39310
718,0.38810
719,0.40068
720,0.38314
721,0.38177
722,0.37885
723,0.37266
724,0.38833
725,0.38283
726,0.37056
727,0.36539
728,0.36097
729,0.35893
730,0.35093
731,0.36652
732,0.36916
733,0.37401
734,0.38150
735,0.39760
736,0.39376
737,0.38709
738,0.37543
739,0.36473
740,0.35896
741,0.36060
742,0.36851
743,0.37033
744,0.35684
745,0.37187
746,0.39234
747,0.39729
748,0.38973
749,0.39595
750,0.39378
751,0.39306
752,0.38747
753,0.38329
754,0.38481
755,0.38671
756,0.39313
757,0.38233
758,1.53104
759,1.41423
760,1.32472
761,1.23443
762,1.15858
763,1.08244
764,1.00339
765,0.94792
766,0.88914
767,0.83795
768,0.78681
769,0.75300
770,0.70885
771,0.68093
772,0.63395
773,0.60347
774,0.59180
775,0.56539
776,0.54647
777,0.51357
778,0.50921
779,0.50386
780,0.48726
781,0.49007
782,0.46325
783,0.45040
784,0.45932
785,0.44204
786,0.43837
787,0.43729
788,0.42464
789,0.40774
790,0.40082
791,0.38435
792,0.39085
793,0.39934
794,0.39799
795,0.38984
796,0.38777
797,0.38657
798,0.36703
799,0.36840
800,0.38231
801,0.38062
802,0.37747
803,0.37306
804,0.38327
805,0.38172
806,0.40447
807,0.41396
808,0.39797
809,0.38846
810,0.38141
811,0.36593
812,0.35899
813,0.37543
814,0.37011
815,0.36664
816,0.36506
817,0.37107
818,0.39292
819,0.38610
820,0.38016
821,0.37287
822,0.36013
823,0.37336
824,0.36140
825,0.36874
826,0.36760
827,0.36855
828,0.36472
829,0.38087
830,0.37818
831,0.36837
832,0.36756
833,0.38741
834,0.38763
835,0.38018
836,0.37377
837,0.36024
838,0.36038
839,0.36623
840,0.36292
841,0.35972
842,0.37215
843,0.36479
844,0.36179
845,0.38006
846,0.37733
847,0.37417
848,0.37202
849,0.37363
850,0.37926
851,0.37680
852,0.36018
853,0.36250
854,0.37163
855,0.37328
856,0.36502
857,0.37766
858,0.38063
859,0.38956
860,0.37897
861,0.39248
862,0.38666
863,0.38026
864,0.38752
865,0.39900
866,0.39184
867,0.38492
868,0.38731
869,0.36653
870,0.37814
871,0.40238
872,0.41313
873,0.40126
874,0.40790
875,0.41825
876,0.41125
877,0.40681
878,0.40250
879,0.39970
880,0.39331
881,0.38820
882,0.36668
883,0.37223
884,0.36174
885,0.35782
886,0.35725
887,0.35783
888,0.37991
889,0.38898
890,0.39288
891,0.40060
892,0.40722
893,0.39256
894,0.38864
895,0.38144
896,0.37451
897,0.37076
898,0.37008
899,0.35909
900,0.35701
901,0.35114
902,0.35067
903,0.36269
904,0.36010
905,0.35082
906,0.34871
907,0.36067
908,0.35692
909,0.36097
910,0.35216
911,0.34419
912,0.33856
913,0.33998
914,0.35664
915,0.34692
916,1.67283
917,1.54423
918,1.43789
919,1.33527
920,1.24202
921,1.15337
922,1.05665
923,0.97344
924,0.91593
925,0.85422
926,0.80952
927,0.78297
928,0.74176
929,0.68170
930,0.65009
931,0.61299
932,0.58824
933,0.55496
934,0.52849
935,0.50023
936,0.47793
937,0.48134
938,0.46607
939,0.47308
940,0.46653
941,0.47565
942,0.48515
943,0.47896
944,0.47647
945,0.46244
946,0.43922
947,0.44919
948,0.43225
949,0.40818
950,0.39669
951,0.38521
952,0.38471
953,0.37730
954,0.37737
955,0.37628
956,0.36915
957,0.36652
958,0.36856
959,0.36463
960,0.36155
961,0.35871
962,0.35756
963,0.36006
964,0.36520
965,0.36080
966,0.35161
967,0.39082
968,0.40101
969,0.39696
970,0.41296
971,0.39823
972,0.38956
973,0.38032
974,0.39005
975,0.40697
976,0.42760
977,0.41654
978,0.39427
979,0.38326
980,0.37791
981,0.37476
982,0.37969
983,0.36756
984,0.37241
985,0.37258
986,0.36755
987,0.36220
988,0.36743
989,0.37479
990,0.40015
991,0.39113
992,0.37497
993,0.36890
994,0.35899
995,0.35588
996,0.34954
997,0.34435
998,0.33977
999,0.35227
1000,0.35146
1001,0.34790
1002,0.34792
1003,0.34397
1004,0.33065
1005,0.32900
1006,0.32897
1007,0.33149
1008,0.35156
1009,0.35916
1010,0.35736
1011,0.36359
1012,0.36212
1013,0.35923
1014,0.36047
1015,0.35299
1016,0.34591
1017,0.33794
1018,0.33593
1019,0.32766
1020,0.33175
1021,0.34080
1022,0.33835
1023,0.33517
1024,0.35155
1025,0.33864
1026,0.32657
1027,0.33701
1028,0.35035
1029,0.34982
1030,0.36697
1031,0.36875
1032,0.36542
1033,0.38010
1034,0.38003
1035,0.37023
1036,0.36313
1037,0.35385
1038,0.36105
1039,0.36140
1040,0.34300
1041,0.32862
1042,0.32145
1043,0.32482
1044,0.31496
1045,0.32216
1046,0.34136
1047,0.34287
1048,0.33930
1049,0.34218
1050,0.33427
1051,0.33348
1052,0.33307
1053,0.33233
1054,0.31851
1055,0.32141
1056,0.32627
1057,0.31679
1058,0.31224
1059,0.30864
1060,0.31174
1061,0.33089
1062,0.33038
1063,0.34617
1064,0.34674
1065,0.34557
1066,0.32070
1067,0.30974
1068,0.31410
1069,0.32029
1070,0.31979
1071,0.32871
1072,0.32475
1073,0.33003
1074,1.43170
1075,1.32830
1076,1.24011
1077,1.15001
1078,1.06625
1079,0.98928
1080,0.92653
1081,0.87531
1082,0.82952
1083,0.77086
1084,0.73564
1085,0.71153
1086,0.67354
1087,0.63902
1088,0.60302
1089,0.59224
1090,0.56206
1091,0.53705
1092,0.50795
1093,0.48789
1094,0.45691
1095,0.44787
1096,0.43601
1097,0.42385
1098,0.40293
1099,0.39896
1100,0.39385
1101,0.40072
1102,0.38250
1103,0.35981
1104,0.34820
1105,0.34418
1106,0.32912
1107,0.31478
1108,0.34276
1109,0.35815
1110,0.36458
1111,0.38443
1112,0.39921
1113,0.38264
1114,0.36851
1115,0.39325
1116,0.40755
1117,0.41959
1118,0.40905
1119,0.41229
1120,0.40448
1121,0.39661
1122,0.37295
1123,0.36014
1124,0.35062
1125,0.35166
1126,0.34950
1127,0.33427
1128,0.33778
1129,0.35473
1130,0.35697
1131,0.35328
1132,0.36820
1133,0.37031
1134,0.37474
1135,0.38521
1136,0.38349
1137,0.39548
1138,0.37763
1139,0.37271
1140,0.36270
1141,0.35620
1142,0.34649
1143,0.34216
1144,0.33163
1145,0.34247
1146,0.35075
1147,0.34273
1148,0.33906
1149,0.34668
1150,0.35051
1151,0.36065
1152,0.36544
1153,0.36514
1154,0.36994
1155,0.37773
1156,0.37245
1157,0.37233
1158,0.36145
1159,0.35267
1160,0.33914
1161,0.35990
1162,0.35986
1163,0.35131
1164,0.34899
1165,0.33808
1166,0.32739
1167,0.33024
1168,0.32605
1169,0.32231
1170,0.32627
1171,0.32746
1172,0.32080
1173,0.32667
1174,0.32861
1175,0.32257
1176,0.31273
1177,0.31098
1178,0.31182
1179,0.32278
1180,0.32969
1181,0.31819
1182,0.31861
1183,0.32214
1184,0.33821
1185,0.34809
1186,0.34611
1187,0.32952
1188,0.31406
1189,0.31169
1190,0.31853
1191,0.32115
1192,0.33495
1193,0.35602
1194,0.35700
1195,0.35605
1196,0.35037
1197,0.33773
1198,0.32744
1199,0.32544
1200,0.32189
1201,0.31656
1202,0.30878
1203,0.29586
1204,0.31996
1205,0.32013
1206,0.32541
1207,0.32206
1208,0.31485
1209,0.30855
1210,0.29620
1211,0.30208
1212,0.28999
1213,0.29153
1214,0.28496
1215,0.27636
1216,0.28289
1217,0.28847
1218,0.31046
1219,0.31370
1220,0.30795
1221,0.31201
1222,0.31778
1223,0.31561
1224,0.30962
1225,0.30014
1226,0.31201
1227,0.32326
1228,0.32717
1229,0.31492
1230,0.30168
1231,0.30042
1232,1.68966
1233,1.53934
1234,1.43153
1235,1.33657
1236,1.23326
1237,1.14384
1238,1.06252
1239,0.98527
1240,0.91623
1241,0.85137
1242,0.81534
1243,0.76092
1244,0.72146
1245,0.68997
1246,0.64285
1247,0.61148
1248,0.57663
1249,0.55799
1250,0.53441
1251,0.50619
1252,0.49905
1253,0.46578
1254,0.44529
1255,0.44652
1256,0.42965
1257,0.44796
1258,0.45219
1259,0.43801
1260,0.42391
1261,0.41541
1262,0.40087
1263,0.39156
1264,0.37417
1265,0.35367
1266,0.34556
1267,0.33067
1268,0.32011
1269,0.32825
1270,0.33135
1271,0.33091
1272,0.32298
1273,0.35063
1274,0.35249
1275,0.34587
1276,0.33259
1277,0.32509
1278,0.32008
1279,0.31062
1280,0.29555
1281,0.29522
1282,0.29241
1283,0.30349
1284,0.28810
1285,0.29668
1286,0.30806
1287,0.29496
1288,0.28420
1289,0.27659
1290,0.27834
1291,0.28523
1292,0.28685
1293,0.29774
1294,0.29849
1295,0.30488
1296,0.30171
1297,0.28734
1298,0.28500
1299,0.28416
1300,0.27836
1301,0.28340
1302,0.26910
1303,0.27573
1304,0.28604
1305,0.29249
1306,0.29006
1307,0.29177
1308,0.30320
1309,0.30259
1310,0.30225
1311,0.29120
1312,0.28128
1313,0.28804
1314,0.29603
1315,0.29950
1316,0.29144
1317,0.29011
1318,0.28279
1319,0.28889
1320,0.29741
1321,0.29744
1322,0.29255
1323,0.30135
1324,0.30671
1325,0.30064
1326,0.30121
1327,0.29258
1328,0.28775
1329,0.30178
1330,0.30170
1331,0.30785
1332,0.32449
1333,0.31589
1334,0.32141
1335,0.31981
1336,0.32820
1337,0.31626
1338,0.32122
1339,0.32349
1340,0.32365
1341,0.32642
1342,0.31326
1343,0.31433
1344,0.31199
1345,0.30908
1346,0.30511
1347,0.29539
1348,0.30678
1349,0.29734
1350,0.29115
1351,0.29057
1352,0.29169
1353,0.31057
1354,0.30278
1355,0.32214
1356,0.33202
1357,0.33855
1358,0.32792
1359,0.31318
1360,0.33803
1361,0.34224
1362,0.33483
1363,0.33576
1364,0.32632
1365,0.32627
1366,0.32390
1367,0.33326
1368,0.32742
1369,0.31549
1370,0.31850
1371,0.32557
1372,0.32417
1373,0.31260
1374,0.31773
1375,0.31851
1376,0.31464
1377,0.32888
1378,0.32303
1379,0.31406
1380,0.32683
1381,0.33366
1382,0.33875
1383,0.33041
1384,0.31352
1385,0.31206
1386,0.31633
1387,0.30663
1388,0.31591
1389,0.31460
1390,1.55279
1391,1.41211
1392,1.29910
1393,1.20332
1394,1.10587
1395,1.02527
1396,0.94449
1397,0.87186
1398,0.81095
1399,0.75049
1400,0.70372
1401,0.68098
1402,0.63268
1403,0.58805
1404,0.55896
1405,0.53139
1406,0.50012
1407,0.47230
1408,0.44945
1409,0.43349
1410,0.40895
1411,0.40781
1412,0.40032
1413,0.40083
1414,0.38030
1415,0.36059
1416,0.35156
1417,0.35567
1418,0.33934
1419,0.33209
1420,0.32568
1421,0.31972
1422,0.29658
1423,0.27575
1424,0.28135
1425,0.28632
1426,0.27496
1427,0.27373
1428,0.27155
1429,0.27833
1430,0.29782
1431,0.29728
1432,0.31055
1433,0.30067
1434,0.28578
1435,0.27962
1436,0.28255
1437,0.29114
1438,0.29689
1439,0.30939
1440,0.29331
1441,0.28583
1442,0.29421
1443,0.29852
1444,0.28530
1445,0.28463
1446,0.28825
1447,0.29344
1448,0.30156
1449,0.30453
1450,0.30949
1451,0.31080
1452,0.30997
1453,0.30157
1454,0.29033
1455,0.30665
1456,0.31744
1457,0.30087
1458,0.30228
1459,0.28591
1460,0.28154
1461,0.29875
1462,0.29594
1463,0.30670
1464,0.30230
1465,0.30799
1466,0.30059
1467,0.28733
1468,0.29488
1469,0.29733
1470,0.30435
1471,0.29856
1472,0.29877
1473,0.29597
1474,0.29931
1475,0.29274
1476,0.28819
1477,0.28028
1478,0.28998
1479,0.28277
1480,0.28780
1481,0.28464
1482,0.27368
1483,0.27930
1484,0.28356
1485,0.28220
1486,0.30558
1487,0.30313
1488,0.30920
1489,0.30223
1490,0.29937
1491,0.31094
1492,0.31807
1493,0.31523
1494,0.30196
1495,0.30920
1496,0.31083
1497,0.30744
1498,0.30702
1499,0.30872
1500,0.29671
1501,0.29883
1502,0.31722
1503,0.31151
1504,0.31420
1505,0.31718
1506,0.33207
1507,0.34014
1508,0.33468
1509,0.32653
1510,0.33490
1511,0.32325
1512,0.32910
1513,0.32543
1514,0.31975
1515,0.30995
1516,0.30333
1517,0.31323
1518,0.31044
1519,0.30053
1520,0.29079
1521,0.29063
1522,0.28214
1523,0.27189
1524,0.28526
1525,0.28203
1526,0.28371
1527,0.27214
1528,0.26353
1529,0.25893
1530,0.26814
1531,0.26906
1532,0.30782
1533,0.28948
1534,0.28873
1535,0.28889
1536,0.28990
1537,0.28642
1538,0.29975
1539,0.30203
1540,0.29265
1541,0.30415
1542,0.30473
1543,0.28974
1544,0.28680
1545,0.28063
1546,0.27724
1547,0.26788
1548,1.63936
1549,1.50338
1550,1.37837
1551,1.27430
1552,1.17712
1553,1.09173
1554,1.00070
1555,0.93513
1556,0.86822
1557,0.80063
1558,0.74471
1559,0.70829
1560,0.65786
1561,0.63062
1562,0.59693
1563,0.57182
1564,0.53697
1565,0.49996
1566,0.47410
1567,0.44303
1568,0.41926
1569,0.40045
1570,0.38465
1571,0.37233
1572,0.36023
1573,0.34022
1574,0.32244
1575,0.31284
1576,0.31702
1577,0.31664
1578,0.31054
1579,0.31625
1580,0.29345
1581,0.27295
1582,0.27213
1583,0.27259
1584,0.27343
1585,0.26170
1586,0.26892
1587,0.25759
1588,0.25722
1589,0.25848
1590,0.27412
1591,0.27364
1592,0.27104
1593,0.27808
1594,0.27338
1595,0.27337
1596,0.26145
1597,0.26641
1598,0.26878
1599,0.26697
1600,0.26457
1601,0.26734
1602,0.26080
1603,0.27657
1604,0.27353
1605,0.27421
1606,0.26874
1607,0.26435
1608,0.26933
1609,0.26607
1610,0.27691
1611,0.28565
1612,0.28824
1613,0.28919
1614,0.30166
1615,0.30647
1616,0.28652
1617,0.27825
1618,0.28376
1619,0.29037
1620,0.27731
1621,0.27841
1622,0.27810
1623,0.27570
1624,0.26419
1625,0.27472
1626,0.27983
1627,0.29329
1628,0.28949
1629,0.28487
1630,0.27566
1631,0.27424
1632,0.27455
1633,0.27570
1634,0.27582
1635,0.27207
1636,0.26522
1637,0.27662
1638,0.28610
1639,0.28049
1640,0.28539
1641,0.28222
1642,0.30172
1643,0.31109
1644,0.32253
1645,0.33097
1646,0.31876
1647,0.31149
1648,0.30851
1649,0.29626
1650,0.29786
1651,0.29177
1652,0.29679
1653,0.29321
1654,0.29014
1655,0.27667
1656,0.27698
1657,0.27838
1658,0.26992
1659,0.28002
1660,0.28196
1661,0.29095
1662,0.29134
1663,0.28671
1664,0.31154
1665,0.31210
1666,0.30654
1667,0.31201
1668,0.30490
1669,0.32523
1670,0.32488
1671,0.31431
1672,0.31365
1673,0.32159
1674,0.31573
1675,0.30066
1676,0.30442
1677,0.29469
1678,0.29443
1679,0.28356
1680,0.28908
1681,0.28858
1682,0.27937
1683,0.26790
1684,0.28440
1685,0.29136
1686,0.27404
1687,0.26683
1688,0.26294
1689,0.25547
1690,0.25139
1691,0.24854
1692,0.25537
1693,0.26245
1694,0.25703
1695,0.26811
1696,0.26610
1697,0.26186
1698,0.25589
1699,0.25771
1700,0.25279
1701,0.25566
1702,0.26137
1703,0.28584
1704,0.29159
1705,0.27413
1706,1.59668
1707,1.46726
1708,1.35790
1709,1.24918
1710,1.15851
1711,1.07154
1712,0.99813
1713,0.92239
1714,0.86467
1715,0.79788
1716,0.75021
1717,0.69375
1718,0.65362
1719,0.61170
1720,0.57810
1721,0.55443
1722,0.54655
1723,0.52781
1724,0.49707
1725,0.47635
1726,0.45680
1727,0.44235
1728,0.42896
1729,0.40475
1730,0.38890
1731,0.37780
1732,0.35660
1733,0.35053
1734,0.34855
1735,0.35354
1736,0.35142
1737,0.34047
1738,0.34385
1739,0.34763
1740,0.35319
1741,0.35102
1742,0.36211
1743,0.34836
1744,0.35535
1745,0.34455
1746,0.33528
1747,0.32690
1748,0.32259
1749,0.33172
1750,0.32633
1751,0.32872
1752,0.32930
1753,0.33331
1754,0.32139
1755,0.31251
1756,0.30865
1757,0.29552
1758,0.29280
1759,0.30091
1760,0.29797
1761,0.29768
1762,0.28937
1763,0.28424
1764,0.26998
1765,0.28860
1766,0.27190
1767,0.28375
1768,0.27376
1769,0.27219
1770,0.26428
1771,0.27468
1772,0.27338
1773,0.27254
1774,0.27680
1775,0.26402
1776,0.26718
1777,0.26302
1778,0.26143
1779,0.24788
1780,0.24623
1781,0.24657
1782,0.24465
1783,0.24736
1784,0.24349
1785,0.24754
1786,0.24732
1787,0.25204
1788,0.24746
1789,0.24992
1790,0.24504
1791,0.24693
1792,0.24298
1793,0.24258
1794,0.24106
1795,0.25080
1796,0.25173
1797,0.25990
1798,0.26747
1799,0.28054
1800,0.28116
1801,0.28174
1802,0.27946
1803,0.28215
1804,0.27653
1805,0.27401
1806,0.26329
1807,0.26664
1808,0.25222
1809,0.25379
1810,0.25275
1811,0.25869
1812,0.25510
1813,0.25156
1814,0.24787
1815,0.24677
1816,0.24552
1817,0.24049
1818,0.23522
1819,0.25811
1820,0.26430
1821,0.26214
1822,0.25882
1823,0.25643
1824,0.24986
1825,0.24103
1826,0.24079
1827,0.25868
1828,0.26372
1829,0.26407
1830,0.26211
1831,0.25586
1832,0.25833
1833,0.26334
1834,0.26779
1835,0.26795
1836,0.27225
1837,0.26865
1838,0.26830
1839,0.27250
1840,0.26454
1841,0.26863
1842,0.27851
1843,0.27666
1844,0.29318
1845,0.28501
1846,0.28468
1847,0.30369
1848,0.29627
1849,0.29137
1850,0.29943
1851,0.29583
1852,0.28126
1853,0.27758
1854,0.27656
1855,0.29266
1856,0.30499
1857,0.30185
1858,0.31894
1859,0.33093
1860,0.32316
1861,0.32288
1862,0.31679
1863,0.30848
1864,1.85951
1865,1.71276
1866,1.55950
1867,1.44136
1868,1.32887
1869,1.22986
1870,1.12805
1871,1.04652
1872,0.98140
1873,0.91476
1874,0.86235
1875,0.80212
1876,0.75177
1877,0.72004
1878,0.67760
1879,0.64051
1880,0.58979
1881,0.55640
1882,0.53567
1883,0.51559
1884,0.49134
1885,0.47651
1886,0.45686
1887,0.43884
1888,0.41673
1889,0.39521
1890,0.38534
1891,0.37498
1892,0.35564
1893,0.33784
1894,0.34290
1895,0.32158
1896,0.31418
1897,0.29654
1898,0.29306
1899,0.29549
1900,0.28907
1901,0.28238
1902,0.28048
1903,0.27182
1904,0.26310
1905,0.26994
1906,0.27786
1907,0.28421
1908,0.27416
1909,0.28542
1910,0.30745
1911,0.31166
1912,0.31297
1913,0.31421
1914,0.30770
1915,0.30322
1916,0.29284
1917,0.29151
1918,0.27883
1919,0.27886
1920,0.28623
1921,0.28844
1922,0.28771
1923,0.29405
1924,0.27882
1925,0.27259
1926,0.27079
1927,0.26798
1928,0.27838
1929,0.28742
1930,0.26789
1931,0.25510
1932,0.24971
1933,0.25388
1934,0.26032
1935,0.26650
1936,0.26558
1937,0.26151
1938,0.25959
1939,0.24802
1940,0.24782
1941,0.24851
1942,0.23712
1943,0.24198
1944,0.26255
1945,0.25930
1946,0.25701
1947,0.24511
1948,0.24603
1949,0.24008
1950,0.23902
1951,0.23613
1952,0.23693
1953,0.24610
1954,0.23736
1955,0.23772
1956,0.24698
1957,0.24246
1958,0.25601
1959,0.25849
1960,0.26200
1961,0.26778
1962,0.25778
1963,0.24853
1964,0.25371
1965,0.25560
1966,0.25528
1967,0.28083
1968,0.30069
1969,0.30058
1970,0.29081
1971,0.29124
1972,0.28637
1973,0.28028
1974,0.28183
1975,0.28271
1976,0.28376
1977,0.27620
1978,0.26839
1979,0.26924
1980,0.26177
1981,0.26269
1982,0.25688
1983,0.25486
1984,0.24868
1985,0.26128
1986,0.26588
1987,0.26702
1988,0.26858
1989,0.28127
1990,0.27542
1991,0.27269
1992,0.27221
1993,0.26228
1994,0.26450
1995,0.28354
1996,0.28726
1997,0.28272
1998,0.30457
1999,0.30602
2000,0.28831
2001,0.28606
2002,0.27387
2003,0.26901
2004,0.27056
2005,0.26541
2006,0.27235
2007,0.27015
2008,0.27711
2009,0.28062
2010,0.28474
2011,0.28156
2012,0.30189
2013,0.30222
2014,0.29154
2015,0.28283
2016,0.27470
2017,0.27747
2018,0.26600
2019,0.24729
2020,0.25369
2021,0.25720
2022,1.61106
2023,1.47885
2024,1.38619
2025,1.26464
2026,1.17514
2027,1.08999
2028,1.01371
2029,0.92573
2030,0.86559
2031,0.83286
2032,0.77823
2033,0.72163
2034,0.67178
2035,0.62528
2036,0.59084
2037,0.55125
2038,0.52867
2039,0.51202
2040,0.48512
2041,0.45774
2042,0.43425
2043,0.42451
2044,0.40915
2045,0.40027
2046,0.38062
2047,0.36474
2048,0.35645
2049,0.35118
2050,0.34552
2051,0.33813
2052,0.33496
2053,0.32379
2054,0.32530
2055,0.31996
2056,0.31698
2057,0.30509
2058,0.30980
2059,0.30061
2060,0.29534
2061,0.28792
2062,0.27635
2063,0.27319
2064,0.27289
2065,0.27173
2066,0.26076
2067,0.24886
2068,0.24600
2069,0.26490
2070,0.27568
2071,0.26795
2072,0.28250
2073,0.29656
2074,0.29582
2075,0.29424
2076,0.28318
2077,0.28039
2078,0.27242
2079,0.27372
2080,0.27298
2081,0.26693
2082,0.26442
2083,0.28313
2084,0.28830
2085,0.27731
2086,0.26391
2087,0.26606
2088,0.25208
2089,0.25186
2090,0.26105
2091,0.25346
2092,0.25418
2093,0.24546
2094,0.23840
2095,0.25109
2096,0.27136
2097,0.25894
2098,0.26411
2099,0.27686
2100,0.27108
2101,0.27172
2102,0.27435
2103,0.26805
2104,0.27905
2105,0.26927
2106,0.27131
2107,0.26588
2108,0.25855
2109,0.26034
2110,0.25964
2111,0.24876
2112,0.24417
2113,0.24101
2114,0.24485
2115,0.23432
2116,0.24034
2117,0.23983
2118,0.23735
2119,0.24105
2120,0.25907
2121,0.25606
2122,0.25936
2123,0.24847
2124,0.26147
2125,0.26236
2126,0.25999
2127,0.25375
2128,0.24448
2129,0.23427
2130,0.23753
2131,0.23417
2132,0.23402
2133,0.24745
2134,0.24313
2135,0.24750
2136,0.24690
2137,0.24395
2138,0.25460
2139,0.26300
2140,0.26363
2141,0.25354
2142,0.26241
2143,0.26243
2144,0.26250
2145,0.26514
2146,0.26298
2147,0.27193
2148,0.26662
2149,0.27740
2150,0.28111
2151,0.27798
2152,0.28445
2153,0.28318
2154,0.28741
2155,0.30143
2156,0.29250
2157,0.27587
2158,0.26793
2159,0.26570
2160,0.26958
2161,0.25784
2162,0.24999
2163,0.24660
2164,0.23835
2165,0.25479
2166,0.25523
2167,0.24615
2168,0.24462
2169,0.24981
2170,0.24856
2171,0.24162
2172,0.24390
2173,0.25101
2174,0.25677
2175,0.25316
2176,0.24835
2177,0.25069
2178,0.24674
2179,0.24264
2180,1.76337
2181,1.61414
2182,1.46542
2183,1.35278
2184,1.24037
2185,1.13663
2186,1.05491
2187,0.97938
2188,0.91959
2189,0.86210
2190,0.80028
2191,0.75524
2192,0.70082
2193,0.65510
2194,0.61262
2195,0.59188
2196,0.55733
2197,0.51649
2198,0.49110
2199,0.47610
2200,0.45066
2201,0.44656
2202,0.42688
2203,0.40836
2204,0.37577
2205,0.36706
2206,0.35161
2207,0.33489
2208,0.32900
2209,0.32336
2210,0.30787
2211,0.30460
2212,0.29859
2213,0.28312
2214,0.28206
2215,0.28007
2216,0.27835
2217,0.27271
2218,0.27770
2219,0.26534
2220,0.26758
2221,0.26037
2222,0.26538
2223,0.28366
2224,0.28698
2225,0.27940
2226,0.26967
2227,0.27471
2228,0.28607
2229,0.28797
2230,0.27943
2231,0.28388
2232,0.27375
2233,0.26570
2234,0.27315
2235,0.27871
2236,0.28024
2237,0.26079
2238,0.25352
2239,0.25202
2240,0.25526
2241,0.25153
2242,0.25825
2243,0.25956
2244,0.26705
2245,0.25080
2246,0.25304
2247,0.25141
2248,0.26178
2249,0.25461
2250,0.27203
2251,0.27018
2252,0.28722
2253,0.28767
2254,0.28006
2255,0.28121
2256,0.29529
2257,0.28585
2258,0.27508
2259,0.26435
2260,0.25854
2261,0.26338
2262,0.25282
2263,0.25535
2264,0.25637
2265,0.25483
2266,0.24450
2267,0.24658
2268,0.24750
2269,0.24246
2270,0.22938
2271,0.23770
2272,0.23395
2273,0.22902
2274,0.23569
2275,0.22068
2276,0.22392
2277,0.22270
2278,0.22526
2279,0.22977
2280,0.23231
2281,0.23361
2282,0.22923
2283,0.22992
2284,0.23201
2285,0.22227
2286,0.21085
2287,0.21829
2288,0.23508
2289,0.22779
2290,0.22366
2291,0.23179
2292,0.23448
2293,0.24238
2294,0.23756
2295,0.23632
2296,0.24053
2297,0.24372
2298,0.24968
2299,0.25907
2300,0.26061
2301,0.25559
2302,0.24850
2303,0.25027
2304,0.24955
2305,0.24608
2306,0.24005
2307,0.24792
2308,0.25956
2309,0.26289
2310,0.25615
2311,0.26203
2312,0.25407
2313,0.26515
2314,0.26638
2315,0.26451
2316,0.26454
2317,0.26042
2318,0.25688
2319,0.25739
2320,0.25120
2321,0.25046
2322,0.24453
2323,0.24358
2324,0.23729
2325,0.23002
2326,0.23482
2327,0.23195
2328,0.23222
2329,0.22559
2330,0.22521
2331,0.21892
2332,0.22507
2333,0.22284
2334,0.23052
2335,0.24722
2336,0.24354
2337,0.23924
2338,1.95414
2339,1.79260
2340,1.63210
2341,1.49942
2342,1.38288
2343,1.27606
2344,1.16814
2345,1.07234
2346,0.99154
2347,0.92225
2348,0.87249
2349,0.80860
2350,0.75781
2351,0.71260
2352,0.67518
2353,0.63342
2354,0.58779
2355,0.55567
2356,0.53213
2357,0.50544
2358,0.48257
2359,0.44724
2360,0.41757
2361,0.40877
2362,0.38997
2363,0.37369
2364,0.36284
2365,0.36422
2366,0.35633
2367,0.33180
2368,0.32204
2369,0.30373
2370,0.27701
2371,0.25310
2372,0.25620
2373,0.24006
2374,0.23645
2375,0.22041
2376,0.21728
2377,0.21948
2378,0.22083
2379,0.22643
2380,0.22147
2381,0.22891
2382,0.22671
2383,0.22107
2384,0.22105
2385,0.22317
2386,0.23794
2387,0.23881
2388,0.23467
2389,0.22977
2390,0.23618
2391,0.23864
2392,0.24446
2393,0.23212
2394,0.23905
2395,0.23553
2396,0.22887
2397,0.22422
2398,0.23860
2399,0.24624
2400,0.23635
2401,0.23882
2402,0.24799
2403,0.24016
2404,0.23359
2405,0.24051
2406,0.24027
2407,0.22808
2408,0.23530
2409,0.23547
2410,0.24108
2411,0.24219
2412,0.25101
2413,0.24280
2414,0.24639
2415,0.26076
2416,0.26610
2417,0.27307
2418,0.26782
2419,0.25842
2420,0.26483
2421,0.26649
2422,0.24935
2423,0.24730
2424,0.25685
2425,0.25415
2426,0.25618
2427,0.24338
2428,0.24184
2429,0.23692
2430,0.24425
2431,0.25196
2432,0.25289
2433,0.25107
2434,0.25660
2435,0.24969
2436,0.24895
2437,0.24306
2438,0.24537
2439,0.23928
2440,0.23858
2441,0.23331
2442,0.22879
2443,0.23309
2444,0.22575
2445,0.23628
2446,0.23161
2447,0.23492
2448,0.23543
2449,0.23723
2450,0.24179
2451,0.24364
2452,0.24927
2453,0.24009
2454,0.25419
2455,0.26077
2456,0.25134
2457,0.26182
2458,0.26544
2459,0.29093
2460,0.28404
2461,0.27963
2462,0.26801
2463,0.25779
2464,0.26310
2465,0.29187
2466,0.28334
2467,0.28521
2468,0.28239
2469,0.27105
2470,0.27571
2471,0.27579
2472,0.27232
2473,0.25886
2474,0.25100
2475,0.24285
2476,0.23777
2477,0.24260
2478,0.23631
2479,0.22962
2480,0.23080
2481,0.23088
2482,0.22593
2483,0.22793
2484,0.22623
2485,0.22495
2486,0.23470
2487,0.23233
2488,0.22899
2489,0.23599
2490,0.23988
2491,0.23332
2492,0.23420
2493,0.22507
2494,0.22839
2495,0.24145
2496,2.14551
2497,1.94015
2498,1.76122
2499,1.60114
2500,1.45228
2501,1.32970
2502,1.21929
2503,1.12821
2504,1.03627
2505,0.96727
2506,0.88975
2507,0.82565
2508,0.76191
2509,0.70938
2510,0.65702
2511,0.61041
2512,0.57706
2513,0.53686
2514,0.50445
2515,0.48398
2516,0.47236
2517,0.44115
2518,0.41475
2519,0.38468
2520,0.37429
2521,0.36862
2522,0.34069
2523,0.32978
2524,0.31780
2525,0.30178
2526,0.28492
2527,0.30446
2528,0.30462
2529,0.30167
2530,0.28965
2531,0.28044
2532,0.27089
2533,0.26424
2534,0.26603
2535,0.26822
2536,0.25292
2537,0.24275
2538,0.23980
2539,0.24214
2540,0.24456
2541,0.23916
2542,0.24391
2543,0.23721
2544,0.24578
2545,0.24262
2546,0.22293
2547,0.21528
2548,0.22077
2549,0.22711
2550,0.22226
2551,0.22367
2552,0.22492
2553,0.22893
2554,0.24601
2555,0.23852
2556,0.23894
2557,0.23690
2558,0.23861
2559,0.23801
2560,0.23935
2561,0.23383
2562,0.23592
2563,0.23975
2564,0.24118
2565,0.23552
2566,0.23049
2567,0.21945
2568,0.21826
2569,0.22185
2570,0.21445
2571,0.20324
2572,0.20155
2573,0.19579
2574,0.19509
2575,0.20309
2576,0.21320
2577,0.21874
2578,0.21341
2579,0.20413
2580,0.21683
2581,0.20989
2582,0.21808
2583,0.21548
2584,0.22409
2585,0.21859
2586,0.22335
2587,0.22390
2588,0.21643
2589,0.23000
2590,0.23366
2591,0.23473
2592,0.23941
2593,0.22658
2594,0.22045
2595,0.21427
2596,0.21568
2597,0.21889
2598,0.22425
2599,0.22618
2600,0.24270
2601,0.24918
2602,0.24855
2603,0.24706
2604,0.24741
2605,0.24806
2606,0.25037
2607,0.25972
2608,0.26847
2609,0.27009
2610,0.26360
2611,0.26115
2612,0.25114
2613,0.23890
2614,0.24026
2615,0.24252
2616,0.25635
2617,0.25092
2618,0.26151
2619,0.25634
2620,0.25965
2621,0.25533
2622,0.26404
2623,0.26557
2624,0.26066
2625,0.25411
2626,0.25295
2627,0.23800
2628,0.23172
2629,0.22853
2630,0.23967
2631,0.23672
2632,0.24828
2633,0.24175
2634,0.24964
2635,0.24242
2636,0.24543
2637,0.26629
2638,0.27096
2639,0.28092
2640,0.27668
2641,0.26615
2642,0.27482
2643,0.26214
2644,0.25885
2645,0.25500
2646,0.25616
2647,0.24407
2648,0.23365
2649,0.23175
2650,0.23437
2651,0.23831
2652,0.25272
2653,0.24912
2654,1.89724
2655,1.73333
2656,1.57504
2657,1.44091
2658,1.33554
2659,1.22141
2660,1.12313
2661,1.03243
2662,0.95811
2663,0.91518
2664,0.85441
2665,0.80077
2666,0.74726
2667,0.69893
2668,0.65228
2669,0.60641
2670,0.56212
2671,0.53304
2672,0.50570
2673,0.47135
2674,0.45391
2675,0.44124
2676,0.42734
2677,0.41360
2678,0.39182
2679,0.37130
2680,0.35765
2681,0.33933
2682,0.32734
2683,0.33559
2684,0.32760
2685,0.31954
2686,0.30533
2687,0.29331
2688,0.28392
2689,0.27722
2690,0.27283
2691,0.25352
2692,0.26517
2693,0.26337
2694,0.24953
2695,0.24872
2696,0.24894
2697,0.24696
2698,0.24512
2699,0.24654
2700,0.24853
2701,0.24680
2702,0.24022
2703,0.23599
2704,0.23492
2705,0.24201
2706,0.24937
2707,0.24337
2708,0.24701
2709,0.24780
2710,0.24283
2711,0.23793
2712,0.24079
2713,0.23476
2714,0.22519
2715,0.23458
2716,0.23116
2717,0.22341
2718,0.22399
2719,0.23285
2720,0.22771
2721,0.22824
2722,0.23269
2723,0.22722
2724,0.21544
2725,0.21874
2726,0.22422
2727,0.23356
2728,0.22626
2729,0.21646
2730,0.20756
2731,0.20834
2732,0.20541
2733,0.19721
2734,0.19810
2735,0.20105
2736,0.20670
2737,0.19705
2738,0.19356
2739,0.20406
2740,0.21644
2741,0.21627
2742,0.22402
2743,0.23338
2744,0.21988
2745,0.21712
2746,0.22350
2747,0.23742
2748,0.23289
2749,0.23773
2750,0.23712
2751,0.23360
2752,0.23034
2753,0.24277
2754,0.24018
2755,0.23736
2756,0.24695
2757,0.25896
2758,0.26741
2759,0.26575
2760,0.26673
2761,0.26026
2762,0.26502
2763,0.25704
2764,0.25993
2765,0.25631
2766,0.30025
2767,0.29193
2768,0.28498
2769,0.28136
2770,0.29487
2771,0.30270
2772,0.30025
2773,0.28589
2774,0.28565
2775,0.29124
2776,0.29099
2777,0.28286
2778,0.28965
2779,0.29965
2780,0.30725
2781,0.30467
2782,0.28802
2783,0.28874
2784,0.27921
2785,0.27942
2786,0.27744
2787,0.27561
2788,0.27286
2789,0.27553
2790,0.27554
2791,0.26272
2792,0.25880
2793,0.26481
2794,0.26227
2795,0.25686
2796,0.30606
2797,0.29049
2798,0.27804
2799,0.28302
2800,0.27335
2801,0.27100
2802,0.25417
2803,0.25428
2804,0.27272
2805,0.26748
2806,0.26656
2807,0.25981
2808,0.24391
2809,0.24588
2810,0.24310
2811,0.24761
2812,1.58174
2813,1.44906
2814,1.33398
2815,1.22123
2816,1.12153
2817,1.03082
2818,0.95448
2819,0.89896
2820,0.82510
2821,0.77735
2822,0.71214
2823,0.65401
2824,0.60573
2825,0.57126
2826,0.54011
2827,0.51815
2828,0.48361
2829,0.45502
2830,0.43088
2831,0.40940
2832,0.38952
2833,0.37704
2834,0.37075
2835,0.36527
2836,0.35095
2837,0.33988
2838,0.33500
2839,0.31646
2840,0.30743
2841,0.29053
2842,0.28124
2843,0.26993
2844,0.25504
2845,0.23885
2846,0.23523
2847,0.23455
2848,0.23032
2849,0.23303
2850,0.22807
2851,0.23079
2852,0.22569
2853,0.22140
2854,0.22985
2855,0.22672
2856,0.22490
2857,0.23370
2858,0.23881
2859,0.23108
2860,0.23276
2861,0.23561
2862,0.26178
2863,0.25577
2864,0.24423
2865,0.24787
2866,0.24134
2867,0.23238
2868,0.23788
2869,0.22948
2870,0.22924
2871,0.22747
2872,0.23965
2873,0.23794
2874,0.23114
2875,0.24555
2876,0.24452
2877,0.24576
2878,0.24767
2879,0.23344
2880,0.22828
2881,0.23327
2882,0.22515
2883,0.22829
2884,0.24338
2885,0.24833
2886,0.24767
2887,0.24085
2888,0.22836
2889,0.23301
2890,0.23489
2891,0.23982
2892,0.23382
2893,0.24048
2894,0.23562
2895,0.24210
2896,0.23519
2897,0.24023
2898,0.24342
2899,0.23770
2900,0.24769
2901,0.25587
2902,0.28039
2903,0.29328
2904,0.28590
2905,0.28281
2906,0.29637
2907,0.28669
2908,0.29544
2909,0.30309
2910,0.29381
2911,0.29012
2912,0.31512
2913,0.31875
2914,0.32872
2915,0.31376
2916,0.30581
2917,0.28973
2918,0.28049
2919,0.26747
2920,0.26544
2921,0.25817
2922,0.25104
2923,0.24620
2924,0.24246
2925,0.24436
2926,0.25408
2927,0.25561
2928,0.25277
2929,0.25365
2930,0.24585
2931,0.24646
2932,0.26815
2933,0.26532
2934,0.26446
2935,0.25941
2936,0.25673
2937,0.24947
2938,0.24546
2939,0.23510
2940,0.26504
2941,0.26218
2942,0.27651
2943,0.28372
2944,0.27469
2945,0.26307
2946,0.24417
2947,0.24502
2948,0.24106
2949,0.24436
2950,0.24168
2951,0.23529
2952,0.22671
2953,0.23105
2954,0.22021
2955,0.22634
2956,0.22633
2957,0.22241
2958,0.21715
2959,0.20569
2960,0.21500
2961,0.22192
2962,0.22660
2963,0.23204
2964,0.23391
2965,0.22664
2966,0.23579
2967,0.23251
2968,0.22758
2969,0.22705
2970,1.72118
2971,1.56467
2972,1.43038
2973,1.31904
2974,1.21553
2975,1.12872
2976,1.03507
2977,0.96178
2978,0.89237
2979,0.82531
2980,0.77396
2981,0.73300
2982,0.68852
2983,0.63327
2984,0.59135
2985,0.56811
2986,0.53430
2987,0.51148
2988,0.47831
2989,0.45749
2990,0.42903
2991,0.41390
2992,0.39302
2993,0.38611
2994,0.38666
2995,0.38034
2996,0.36107
2997,0.35276
2998,0.34273
2999,0.32982
3000,0.32024
3001,0.31612
3002,0.29971
3003,0.28319
3004,0.27236
3005,0.26034
3006,0.25031
3007,0.25110
3008,0.24989
3009,0.25676
3010,0.24426
3011,0.24257
3012,0.24739
3013,0.23515
3014,0.23879
3015,0.23849
3016,0.23839
3017,0.24441
3018,0.24502
3019,0.23675
3020,0.23571
3021,0.23464
3022,0.22889
3023,0.22055
3024,0.23073
3025,0.21788
3026,0.21423
3027,0.22640
3028,0.23687
3029,0.23436
3030,0.22917
3031,0.21878
3032,0.21354
3033,0.20978
3034,0.22062
3035,0.23035
3036,0.22299
3037,0.22717
3038,0.22101
3039,0.22878
3040,0.22966
3041,0.22398
3042,0.22932
3043,0.22756
3044,0.24279
3045,0.24542
3046,0.25626
3047,0.26090
3048,0.24876
3049,0.23718
3050,0.24531
3051,0.25534
3052,0.25530
3053,0.26094
3054,0.25925
3055,0.26693
3056,0.26473
3057,0.24662
3058,0.24541
3059,0.24967
3060,0.24312
3061,0.24350
3062,0.24024
3063,0.24164
3064,0.24672
3065,0.24921
3066,0.24055
3067,0.24143
3068,0.25533
3069,0.24889
3070,0.24383
3071,0.23895
3072,0.22976
3073,0.22466
3074,0.22021
3075,0.21654
3076,0.21614
3077,0.21620
3078,0.21709
3079,0.21757
3080,0.21590
3081,0.22673
3082,0.23201
3083,0.22841
3084,0.22776
3085,0.22388
3086,0.22375
3087,0.22012
3088,0.21405
3089,0.22205
3090,0.22145
3091,0.22487
3092,0.22942
3093,0.22054
3094,0.21650
3095,0.21771
3096,0.23492
3097,0.23960
3098,0.23577
3099,0.24061
3100,0.23853
3101,0.24268
3102,0.25587
3103,0.25867
3104,0.25424
3105,0.24749
3106,0.24596
3107,0.25422
3108,0.26356
3109,0.26281
3110,0.26023
3111,0.25199
3112,0.24323
3113,0.24683
3114,0.23592
3115,0.24732
3116,0.24909
3117,0.24990
3118,0.23612
3119,0.23515
3120,0.23230
3121,0.23406
3122,0.23205
3123,0.22381
3124,0.21887
3125,0.22102
3126,0.22054
3127,0.21567
3128,1.86356
3129,1.69535
3130,1.55388
3131,1.43624
3132,1.33105
3133,1.23138
3134,1.13242
3135,1.04831
3136,0.97283
3137,0.90341
3138,0.85537
3139,0.79504
3140,0.74564
3141,0.68830
3142,0.65531
3143,0.63243
3144,0.60217
3145,0.57697
3146,0.53352
3147,0.50865
3148,0.48006
3149,0.44858
3150,0.42340
3151,0.39797
3152,0.38330
3153,0.35842
3154,0.34492
3155,0.33267
3156,0.32856
3157,0.31698
3158,0.30359
3159,0.29509
3160,0.28350
3161,0.27290
3162,0.26729
3163,0.25508
3164,0.25434
3165,0.25197
3166,0.25434
3167,0.24420
3168,0.23261
3169,0.22287
3170,0.21474
3171,0.21473
3172,0.21851
3173,0.20761
3174,0.22524
3175,0.22145
3176,0.22053
3177,0.22803
3178,0.23395
3179,0.23225
3180,0.23028
3181,0.24112
3182,0.23311
3183,0.23287
3184,0.23263
3185,0.22326
3186,0.23854
3187,0.23775
3188,0.23030
3189,0.23381
3190,0.22550
3191,0.22513
3192,0.22211
3193,0.21748
3194,0.21988
3195,0.22942
3196,0.21923
3197,0.20759
3198,0.20482
3199,0.20357
3200,0.21241
3201,0.20929
3202,0.20779
3203,0.21288
3204,0.21616
3205,0.21479
3206,0.21690
3207,0.22260
3208,0.23001
3209,0.22474
3210,0.23063
3211,0.22376
3212,0.22621
3213,0.21806
3214,0.21659
3215,0.21836
3216,0.20915
3217,0.21231
3218,0.20926
3219,0.22474
3220,0.22195
3221,0.22123
3222,0.22367
3223,0.24016
3224,0.23077
3225,0.23417
3226,0.22195
3227,0.22732
3228,0.24129
3229,0.25112
3230,0.26357
3231,0.26185
3232,0.25543
3233,0.24918
3234,0.24934
3235,0.24427
3236,0.24336
3237,0.23878
3238,0.24564
3239,0.24584
3240,0.25222
3241,0.25143
3242,0.24465
3243,0.23818
3244,0.24105
3245,0.25120
3246,0.25826
3247,0.25245
3248,0.24505
3249,0.23849
3250,0.23262
3251,0.22343
3252,0.22738
3253,0.22592
3254,0.23085
3255,0.22328
3256,0.21275
3257,0.21362
3258,0.21292
3259,0.21523
3260,0.20873
3261,0.20691
3262,0.20983
3263,0.20149
3264,0.19495
3265,0.19743
3266,0.19741
3267,0.19290
3268,0.20191
3269,0.20039
3270,0.19737
3271,0.19511
3272,0.21120
3273,0.22501
3274,0.22900
3275,0.23849
3276,0.23393
3277,0.24291
3278,0.23953
3279,0.23236
3280,0.22339
3281,0.21935
3282,0.23590
3283,0.25028
3284,0.24092
3285,0.23223
3286,1.89515
3287,1.73398
3288,1.58222
3289,1.43779
3290,1.32753
3291,1.21566
3292,1.11852
3293,1.03285
3294,0.95457
3295,0.88856
3296,0.82366
3297,0.77228
3298,0.72838
3299,0.69082
3300,0.65430
3301,0.60904
3302,0.56993
3303,0.53349
3304,0.49364
3305,0.46482
3306,0.43305
3307,0.40874
3308,0.37791
3309,0.35990
3310,0.33422
3311,0.32776
3312,0.31906
3313,0.30700
3314,0.29173
3315,0.29828
3316,0.29328
3317,0.29186
3318,0.27872
3319,0.26413
3320,0.24964
3321,0.23788
3322,0.23768
3323,0.23472
3324,0.23829
3325,0.23142
3326,0.22885
3327,0.23491
3328,0.24660
3329,0.24234
3330,0.24163
3331,0.23942
3332,0.23542
3333,0.22748
3334,0.23107
3335,0.23357
3336,0.22892
3337,0.21896
3338,0.21299
3339,0.21144
3340,0.20986
3341,0.21419
3342,0.23537
3343,0.21948
3344,0.21927
3345,0.21618
3346,0.21671
3347,0.22186
3348,0.22154
3349,0.21311
3350,0.20591
3351,0.20013
3352,0.20110
3353,0.20315
3354,0.20937
3355,0.20468
3356,0.21203
3357,0.21358
3358,0.20601
3359,0.21211
3360,0.21189
3361,0.20241
3362,0.19655
3363,0.19882
3364,0.20376
3365,0.20266
3366,0.20842
3367,0.20033
3368,0.19754
3369,0.21359
3370,0.21171
3371,0.20698
3372,0.20505
3373,0.20450
3374,0.20108
3375,0.20154
3376,0.19652
3377,0.20142
3378,0.19031
3379,0.18906
3380,0.18024
3381,0.17561
3382,0.17596
3383,0.17370
3384,0.17290
3385,0.17568
3386,0.17721
3387,0.18937
3388,0.19554
3389,0.20940
3390,0.21036
3391,0.21735
3392,0.21724
3393,0.22949
3394,0.23450
3395,0.23446
3396,0.24366
3397,0.24796
3398,0.24798
3399,0.25560
3400,0.25269
3401,0.25057
3402,0.24610
3403,0.24779
3404,0.24713
3405,0.26249
3406,0.25831
3407,0.26080
3408,0.25170
3409,0.24547
3410,0.24362
3411,0.24726
3412,0.24737
3413,0.24413
3414,0.24289
3415,0.23883
3416,0.24090
3417,0.23043
3418,0.22418
3419,0.21023
3420,0.21118
3421,0.21508
3422,0.21135
3423,0.22167
3424,0.21402
3425,0.21240
3426,0.20544
3427,0.21391
3428,0.23260
3429,0.24224
3430,0.24199
3431,0.23323
3432,0.23683
3433,0.25161
3434,0.26046
3435,0.24936
3436,0.25516
3437,0.25674
3438,0.26079
3439,0.25288
3440,0.24118
3441,0.24042
3442,0.23378
3443,0.22616
3444,1.62541
3445,1.47451
3446,1.34846
3447,1.24840
3448,1.14302
3449,1.04544
3450,0.97124
3451,0.89509
3452,0.82286
3453,0.76568
3454,0.69943
3455,0.65148
3456,0.61088
3457,0.56890
3458,0.53013
3459,0.50145
3460,0.46318
3461,0.43747
3462,0.41199
3463,0.39488
3464,0.37651
3465,0.36070
3466,0.34592
3467,0.33265
3468,0.32974
3469,0.31927
3470,0.30719
3471,0.29203
3472,0.27282
3473,0.25256
3474,0.24703
3475,0.24287
3476,0.22889
3477,0.21672
3478,0.21965
3479,0.22316
3480,0.21857
3481,0.21097
3482,0.21657
3483,0.21631
3484,0.21415
3485,0.20795
3486,0.20193
3487,0.20388
3488,0.19403
3489,0.19849
3490,0.19242
3491,0.19364
3492,0.19244
3493,0.19152
3494,0.18954
3495,0.20078
3496,0.20421
3497,0.21792
3498,0.22007
3499,0.21303
3500,0.21236
3501,0.21900
3502,0.21534
3503,0.22372
3504,0.22288
3505,0.22074
3506,0.21769
3507,0.21769
3508,0.22296
3509,0.23509
3510,0.23419
3511,0.23795
3512,0.23946
3513,0.24077
3514,0.25300
3515,0.25836
3516,0.25195
3517,0.25420
3518,0.25163
3519,0.25084
3520,0.24671
3521,0.24624
3522,0.23555
3523,0.24064
3524,0.24052
3525,0.23061
3526,0.22574
3527,0.22253
3528,0.22104
3529,0.21552
3530,0.22741
3531,0.21933
3532,0.22734
3533,0.22992
3534,0.23751
3535,0.23349
3536,0.23349
3537,0.22772
3538,0.22861
3539,0.23008
3540,0.21526
3541,0.21760
3542,0.21630
3543,0.21503
3544,0.21785
3545,0.22123
3546,0.22201
3547,0.21587
3548,0.20960
3549,0.21732
3550,0.20928
3551,0.23756
3552,0.25496
3553,0.24907
3554,0.24742
3555,0.23922
3556,0.22830
3557,0.23480
3558,0.24012
3559,0.23610
3560,0.22488
3561,0.22446
3562,0.22627
3563,0.22609
3564,0.22764
3565,0.23018
3566,0.22464
3567,0.22825
3568,0.25102
3569,0.25649
3570,0.24454
3571,0.23908
3572,0.23652
3573,0.23175
3574,0.24793
3575,0.23431
3576,0.23928
3577,0.24035
3578,0.23997
3579,0.23748
3580,0.23286
3581,0.22476
3582,0.22068
3583,0.22424
3584,0.22757
3585,0.23825
3586,0.24132
3587,0.23445
3588,0.23597
3589,0.23586
3590,0.23360
3591,0.23365
3592,0.23586
3593,0.23220
3594,0.23827
3595,0.23143
3596,0.22193
3597,0.22464
3598,0.21897
3599,0.21101
3600,0.21080
3601,0.22144
3602,1.78602
3603,1.62319
3604,1.48661
3605,1.36924
3606,1.24921
3607,1.14214
3608,1.05108
3609,0.96678
3610,0.89203
3611,0.82687
3612,0.76350
3613,0.70128
3614,0.65762
3615,0.62134
3616,0.58843
3617,0.54556
3618,0.50653
3619,0.47529
3620,0.45567
3621,0.42999
3622,0.41610
3623,0.39491
3624,0.36735
3625,0.33976
3626,0.32989
3627,0.31785
3628,0.31797
3629,0.30331
3630,0.30378
3631,0.30859
3632,0.30151
3633,0.29634
3634,0.29331
3635,0.29018
3636,0.27047
3637,0.25537
3638,0.28762
3639,0.28807
3640,0.28238
3641,0.27953
3642,0.27400
3643,0.26405
3644,0.26338
3645,0.26236
3646,0.26052
3647,0.25346
3648,0.25706
3649,0.24811
3650,0.23560
3651,0.23095
3652,0.23823
3653,0.23539
3654,0.24121
3655,0.23897
3656,0.23669
3657,0.23123
3658,0.22377
3659,0.22052
3660,0.23622
3661,0.22831
3662,0.21836
3663,0.22194
3664,0.21538
3665,0.21563
3666,0.21611
3667,0.21454
3668,0.21751
3669,0.21012
3670,0.21104
3671,0.20563
3672,0.21065
3673,0.21698
3674,0.21769
3675,0.20324
3676,0.20077
3677,0.21146
3678,0.21088
3679,0.22420
3680,0.22023
3681,0.22841
3682,0.23486
3683,0.23970
3684,0.24941
3685,0.24584
3686,0.24251
3687,0.25499
3688,0.25734
3689,0.27411
3690,0.26088
3691,0.25757
3692,0.24474
3693,0.24681
3694,0.25091
3695,0.24437
3696,0.24709
3697,0.26098
3698,0.25723
3699,0.25586
3700,0.25460
3701,0.25618
3702,0.23682
3703,0.22625
3704,0.22426
3705,0.22126
3706,0.21821
3707,0.22383
3708,0.23068
3709,0.24793
3710,0.23646
3711,0.23395
3712,0.24179
3713,0.24653
3714,0.23410
3715,0.23572
3716,0.24932
3717,0.26144
3718,0.25372
3719,0.25481
3720,0.25763
3721,0.24774
3722,0.23836
3723,0.27184
3724,0.26035
3725,0.25895
3726,0.27302
3727,0.26538
3728,0.28206
3729,0.28758
3730,0.27216
3731,0.27163
3732,0.26938
3733,0.25524
3734,0.25184
3735,0.24823
3736,0.24336
3737,0.24600
3738,0.23731
3739,0.23418
3740,0.22647
3741,0.23729
3742,0.23961
3743,0.25223
3744,0.25144
3745,0.24848
3746,0.24430
3747,0.23671
3748,0.24843
3749,0.24202
3750,0.23177
3751,0.22753
3752,0.23503
3753,0.23592
3754,0.23772
3755,0.23721
3756,0.23207
3757,0.24207
3758,0.23648
3759,0.23378
3760,1.75134
3761,1.60643
3762,1.47313
3763,1.34620
3764,1.23492
3765,1.15852
3766,1.07378
3767,1.00342
3768,0.92288
3769,0.85758
3770,0.80044
3771,0.74729
3772,0.68551
3773,0.64899
3774,0.60141
3775,0.56670
3776,0.54959
3777,0.51087
3778,0.47419
3779,0.44600
3780,0.43335
3781,0.42611
3782,0.40622
3783,0.38720
3784,0.37134
3785,0.35485
3786,0.34251
3787,0.32883
3788,0.31163
3789,0.29134
3790,0.28148
3791,0.26665
3792,0.26936
3793,0.26945
3794,0.26080
3795,0.27828
3796,0.26409
3797,0.26616
3798,0.26401
3799,0.26576
3800,0.27680
3801,0.27225
3802,0.27290
3803,0.26244
3804,0.28036
3805,0.27916
3806,0.26533
3807,0.26016
3808,0.24556
3809,0.23291
3810,0.22626
3811,0.22223
3812,0.23051
3813,0.23025
3814,0.22212
3815,0.21377
3816,0.20247
3817,0.19533
3818,0.18966
3819,0.19976
3820,0.20245
3821,0.20064
3822,0.22323
3823,0.21963
3824,0.22474
3825,0.22628
3826,0.23052
3827,0.23043
3828,0.23514
3829,0.23159
3830,0.22718
3831,0.24091
3832,0.23428
3833,0.23233
3834,0.23039
3835,0.23916
3836,0.25386
3837,0.24833
3838,0.24419
3839,0.25395
3840,0.25176
3841,0.25112
3842,0.27743
3843,0.28471
3844,0.28671
3845,0.27730
3846,0.27401
3847,0.26613
3848,0.25767
3849,0.25282
3850,0.24976
3851,0.24132
3852,0.23770
3853,0.22676
3854,0.22246
3855,0.21852
3856,0.22007
3857,0.21675
3858,0.21996
3859,0.23200
3860,0.21922
3861,0.21689
3862,0.22397
3863,0.22305
3864,0.22501
3865,0.24802
3866,0.24174
3867,0.23748
3868,0.23002
3869,0.22965
3870,0.22302
3871,0.22838
3872,0.22269
3873,0.21184
3874,0.20446
3875,0.19809
3876,0.19182
3877,0.19738
3878,0.20266
3879,0.20374
3880,0.21493
3881,0.20981
3882,0.20468
3883,0.19993
3884,0.20368
3885,0.22004
3886,0.21986
3887,0.22215
3888,0.22127
3889,0.21690
3890,0.21753
3891,0.21999
3892,0.22912
3893,0.23692
3894,0.23270
3895,0.23550
3896,0.23182
3897,0.22655
3898,0.22016
3899,0.22080
3900,0.22169
3901,0.21355
3902,0.20314
3903,0.20853
3904,0.20743
3905,0.20540
3906,0.19864
3907,0.20887
3908,0.21189
3909,0.21513
3910,0.21371
3911,0.22910
3912,0.22112
3913,0.22660
3914,0.22949
3915,0.22533
3916,0.22863
3917,0.22353
3918,1.95117
3919,1.77460
3920,1.61563
3921,1.47123
3922,1.34578
3923,1.23004
3924,1.13036
3925,1.03487
3926,0.94630
3927,0.86586
3928,0.79105
3929,0.73146
3930,0.68003
3931,0.63281
3932,0.58801
3933,0.55400
3934,0.52576
3935,0.48821
3936,0.46437
3937,0.44222
3938,0.41802
3939,0.39419
3940,0.38496
3941,0.36356
3942,0.35010
3943,0.34022
3944,0.32014
3945,0.31232
3946,0.30912
3947,0.29921
3948,0.28931
3949,0.27744
3950,0.27678
3951,0.27400
3952,0.27902
3953,0.27572
3954,0.26764
3955,0.26288
3956,0.25459
3957,0.24677
3958,0.24864
3959,0.24821
3960,0.24074
3961,0.23669
3962,0.22761
3963,0.22123
3964,0.22343
3965,0.22432
3966,0.23218
3967,0.22830
3968,0.22760
3969,0.23282
3970,0.22583
3971,0.21293
3972,0.20550
3973,0.21298
3974,0.21479
3975,0.21513
3976,0.20575
3977,0.20888
3978,0.20910
3979,0.20143
3980,0.19628
3981,0.20214
3982,0.20422
3983,0.20888
3984,0.20089
3985,0.20113
3986,0.20325
3987,0.20262
3988,0.19751
3989,0.19993
3990,0.20313
3991,0.19484
3992,0.18835
3993,0.18716
3994,0.18850
3995,0.19571
3996,0.20109
3997,0.19756
3998,0.19136
3999,0.19143
4000,0.20691
4001,0.20351
4002,0.21025
4003,0.20024
4004,0.20591
4005,0.20357
4006,0.19848
4007,0.19545
4008,0.21560
4009,0.22020
4010,0.23749
4011,0.23713
4012,0.22830
4013,0.22190
4014,0.22097
4015,0.22465
4016,0.21890
4017,0.22188
4018,0.23578
4019,0.23196
4020,0.22412
4021,0.22384
4022,0.22832
4023,0.22418
4024,0.22511
4025,0.22160
4026,0.21845
4027,0.21939
4028,0.21727
4029,0.21753
4030,0.20613
4031,0.20986
4032,0.20629
4033,0.21469
4034,0.20316
4035,0.20246
4036,0.19345
4037,0.21022
4038,0.20572
4039,0.20008
4040,0.20022
4041,0.19986
4042,0.19276
4043,0.19853
4044,0.19155
4045,0.19632
4046,0.20429
4047,0.22761
4048,0.22778
4049,0.22905
4050,0.23191
4051,0.24431
4052,0.23911
4053,0.23778
4054,0.23405
4055,0.22348
4056,0.23645
4057,0.24055
4058,0.23077
4059,0.22252
4060,0.21997
4061,0.22021
4062,0.22248
4063,0.22371
4064,0.22353
4065,0.21740
4066,0.21834
4067,0.20990
4068,0.21949
4069,0.22537
4070,0.22604
4071,0.22731
4072,0.22659
4073,0.22470
4074,0.22883
4075,0.23308
4076,1.84050
4077,1.68456
4078,1.53496
4079,1.40468
4080,1.28917
4081,1.17970
4082,1.09891
4083,1.01388
4084,0.92901
4085,0.86063
4086,0.79574
4087,0.73131
4088,0.68441
4089,0.64276
4090,0.59017
4091,0.54466
4092,0.52283
4093,0.48368
4094,0.44841
4095,0.42813
4096,0.40265
4097,0.38267
4098,0.36944
4099,0.35229
4100,0.34140
4101,0.31403
4102,0.30595
4103,0.31153
4104,0.32248
4105,0.30199
4106,0.29862
4107,0.28990
4108,0.29207
4109,0.29105
4110,0.28004
4111,0.27494
4112,0.26793
4113,0.26086
4114,0.24919
4115,0.24035
4116,0.24234
4117,0.24137
4118,0.23954
4119,0.23538
4120,0.22904
4121,0.23150
4122,0.22556
4123,0.22089
4124,0.21942
4125,0.22278
4126,0.21703
4127,0.20996
4128,0.21110
4129,0.20860
4130,0.20033
4131,0.19358
4132,0.21470
4133,0.21687
4134,0.20823
4135,0.20555
4136,0.20372
4137,0.19856
4138,0.19801
4139,0.19858
4140,0.21178
4141,0.20962
4142,0.22769
4143,0.23148
4144,0.22465
4145,0.23384
4146,0.22563
4147,0.22373
4148,0.21896
4149,0.22191
4150,0.22199
4151,0.21269
4152,0.22317
4153,0.23242
4154,0.22770
4155,0.22052
4156,0.22655
4157,0.22631
4158,0.21577
4159,0.20779
4160,0.21800
4161,0.23210
4162,0.22604
4163,0.22654
4164,0.23956
4165,0.23846
4166,0.23707
4167,0.23152
4168,0.22129
4169,0.21523
4170,0.22045
4171,0.22392
4172,0.23188
4173,0.24620
4174,0.25088
4175,0.25081
4176,0.24260
4177,0.23627
4178,0.24194
4179,0.24070
4180,0.23543
4181,0.25133
4182,0.26138
4183,0.24415
4184,0.25062
4185,0.24988
4186,0.24572
4187,0.24468
4188,0.23670
4189,0.24081
4190,0.23914
4191,0.24425
4192,0.25454
4193,0.24959
4194,0.25295
4195,0.24363
4196,0.24764
4197,0.25016
4198,0.23653
4199,0.23333
4200,0.24345
4201,0.25965
4202,0.25884
4203,0.25161
4204,0.24627
4205,0.26586
4206,0.25863
4207,0.25674
4208,0.25553
4209,0.24493
4210,0.25972
4211,0.26027
4212,0.24842
4213,0.24078
4214,0.23618
4215,0.23900
4216,0.23422
4217,0.23003
4218,0.21949
4219,0.22062
4220,0.22580
4221,0.22836
4222,0.24032
4223,0.25112
4224,0.24943
4225,0.24952
4226,0.24494
4227,0.24549
4228,0.25610
4229,0.23835
4230,0.24017
4231,0.24116
4232,0.23544
4233,0.23323
4234,1.79269
4235,1.63639
4236,1.50208
4237,1.37422
4238,1.25250
4239,1.15536
4240,1.06522
4241,0.97845
4242,0.89835
4243,0.83900
4244,0.77561
4245,0.71928
4246,0.66752
4247,0.62132
4248,0.58536
4249,0.54537
4250,0.50908
4251,0.47484
4252,0.44392
4253,0.42052
4254,0.39935
4255,0.38419
4256,0.36770
4257,0.35225
4258,0.33346
4259,0.32306
4260,0.31101
4261,0.30770
4262,0.30616
4263,0.29555
4264,0.28303
4265,0.27795
4266,0.29530
4267,0.29353
4268,0.28220
4269,0.28026
4270,0.27334
4271,0.26992
4272,0.26051
4273,0.25156
4274,0.24166
4275,0.22822
4276,0.22540
4277,0.22766
4278,0.23043
4279,0.22619
4280,0.22537
4281,0.21472
4282,0.21446
4283,0.21108
4284,0.20356
4285,0.20643
4286,0.21247
4287,0.21081
4288,0.21624
4289,0.20708
4290,0.20349
4291,0.20303
4292,0.20015
4293,0.19488
4294,0.20192
4295,0.20044
4296,0.19468
4297,0.19582
4298,0.19102
4299,0.19581
4300,0.20250
4301,0.20936
4302,0.21031
4303,0.20369
4304,0.20067
4305,0.19226
4306,0.19305
4307,0.18124
4308,0.17693
4309,0.17271
4310,0.18045
4311,0.17060
4312,0.18364
4313,0.18966
4314,0.18722
4315,0.20314
4316,0.20391
4317,0.21620
4318,0.21652
4319,0.20826
4320,0.20775
4321,0.20341
4322,0.22479
4323,0.23248
4324,0.23254
4325,0.23166
4326,0.23403
4327,0.22249
4328,0.21847
4329,0.23162
4330,0.22448
4331,0.22488
4332,0.26832
4333,0.25865
4334,0.24985
4335,0.24500
4336,0.26090
4337,0.27311
4338,0.27479
4339,0.27783
4340,0.28711
4341,0.29763
4342,0.28046
4343,0.26876
4344,0.26804
4345,0.26940
4346,0.26371
4347,0.25521
4348,0.24875
4349,0.24469
4350,0.23731
4351,0.23614
4352,0.24095
4353,0.25045
4354,0.24176
4355,0.23669
4356,0.23209
4357,0.22782
4358,0.24938
4359,0.25063
4360,0.25756
4361,0.26385
4362,0.25490
4363,0.25639
4364,0.24798
4365,0.24754
4366,0.24219
4367,0.23698
4368,0.24231
4369,0.23905
4370,0.22884
4371,0.22887
4372,0.23390
4373,0.24193
4374,0.23037
4375,0.22365
4376,0.22668
4377,0.22001
4378,0.21275
4379,0.21643
4380,0.21411
4381,0.21076
4382,0.21034
4383,0.21230
4384,0.21618
4385,0.21894
4386,0.21151
4387,0.21297
4388,0.21494
4389,0.21223
4390,0.20569
4391,0.21348
4392,0.20644
4393,0.20917
4394,0.19900
4395,0.20379
4396,0.19650
4397,0.20637
4398,0.20695
4399,0.20275
4400,0.20867
4401,0.20932
4402,0.21157
4403,0.21314
4404,0.20600
4405,0.20339
4406,0.20349
4407,0.20105
4408,0.20259
4409,0.20640
4410,0.20765
4411,0.19920
4412,0.19805
4413,0.19128
4414,0.19946
4415,0.19234
4416,0.20503
4417,0.20186
4418,0.21378
4419,0.21105
4420,0.20918
4421,0.19902
4422,0.18771
4423,0.18183
4424,0.18580
4425,0.19350
4426,0.18952
4427,0.19705
4428,0.18738
4429,0.20324
4430,0.20768
4431,0.20423
4432,0.19795
4433,0.19753
4434,0.19780
4435,0.20181
4436,0.21961
4437,0.22395
4438,0.22730
4439,0.23459
4440,0.24702
4441,0.25040
4442,0.25376
4443,0.23623
4444,0.22560
4445,0.21997
4446,0.23077
4447,0.23868
4448,0.23929
4449,0.23141
4450,0.22876
4451,0.23061
4452,0.23093
4453,0.24277
4454,0.23444
4455,0.23149
4456,0.22454
4457,0.22129
4458,0.21309
4459,0.20558
4460,0.19256
4461,0.18786
4462,0.19537
4463,0.19009
4464,0.18478
4465,0.18669
4466,0.19190
4467,0.19443
4468,0.20985
4469,0.20870
4470,0.21597
4471,0.21870
4472,0.21750
4473,0.21323
4474,0.22048
4475,0.22821
4476,0.22956
4477,0.22984
4478,0.21197
4479,0.21226
4480,0.20613
4481,0.21052
4482,0.20823
4483,0.22102
4484,0.21985
4485,0.21226
4486,0.20575
4487,0.20416
4488,0.19894
4489,0.20302
4490,0.19698
4491,0.20347
4492,0.21068
4493,0.20128
4494,0.20359
4495,0.21517
4496,0.21942
4497,0.21314
4498,0.20924
4499,0.23669
4500,0.24336
4501,0.23908
4502,0.25195
4503,0.24365
4504,0.24578
4505,0.25187
4506,0.24250
4507,0.24244
4508,0.23511
4509,0.23970
4510,0.23420
4511,0.22626
4512,0.21062
4513,0.21422
4514,0.21078
4515,0.21604
4516,0.22744
4517,0.23941
4518,0.23424
4519,0.23192
4520,0.22696
4521,0.21641
4522,0.23329
4523,0.23604
4524,0.23788
4525,0.23488
4526,0.23281
4527,0.23494
4528,0.25044
4529,0.25666
4530,0.25037
4531,0.24167
4532,0.24660
4533,0.25988
4534,0.25375
4535,0.24986
4536,0.24502
4537,0.24552
4538,0.24705
4539,0.24347
4540,0.23701
4541,0.23165
4542,0.23891
4543,0.24449
4544,0.23979
4545,0.25085
4546,0.25229
4547,0.25394
4548,0.24525
4549,0.24438
4550,2.03070
4551,1.84600
4552,1.69794
4553,1.54474
4554,1.40905
4555,1.29708
4556,1.18065
4557,1.07651
4558,0.99614
4559,0.92141
4560,0.84856
4561,0.78787
4562,0.73049
4563,0.68130
4564,0.62994
4565,0.58466
4566,0.54288
4567,0.51549
4568,0.49332
4569,0.48028
4570,0.45161
4571,0.42506
4572,0.40547
4573,0.39083
4574,0.36831
4575,0.35657
4576,0.33624
4577,0.32460
4578,0.31076
4579,0.30382
4580,0.28716
4581,0.27935
4582,0.26728
4583,0.25150
4584,0.25525
4585,0.24781
4586,0.24635
4587,0.25138
4588,0.24801
4589,0.25470
4590,0.25014
4591,0.25176
4592,0.24631
4593,0.23575
4594,0.22398
4595,0.23351
4596,0.24574
4597,0.25168
4598,0.25028
4599,0.24895
4600,0.24366
4601,0.23843
4602,0.22873
4603,0.23022
4604,0.22953
4605,0.23167
4606,0.23628
4607,0.23334
4608,0.22737
4609,0.22214
4610,0.22642
4611,0.22783
4612,0.23171
4613,0.22622
4614,0.23274
4615,0.22636
4616,0.23758
4617,0.24145
4618,0.23290
4619,0.22565
4620,0.22322
4621,0.21854
4622,0.21513
4623,0.21776
4624,0.21184
4625,0.20713
4626,0.21293
4627,0.22565
4628,0.22588
4629,0.22678
4630,0.22676
4631,0.23008
4632,0.21396
4633,0.21902
4634,0.21993
4635,0.21275
4636,0.21234
4637,0.21469
4638,0.21530
4639,0.20254
4640,0.20013
4641,0.19212
4642,0.20914
4643,0.20984
4644,0.20451
4645,0.21113
4646,0.20672
4647,0.20663
4648,0.19979
4649,0.21384
4650,0.21008
4651,0.20661
4652,0.20793
4653,0.20110
4654,0.20805
4655,0.20360
4656,0.21382
4657,0.20129
4658,0.19363
4659,0.18659
4660,0.19869
4661,0.19118
4662,0.19577
4663,0.20456
4664,0.20574
4665,0.20748
4666,0.20735
4667,0.20827
4668,0.22846
4669,0.22331
4670,0.23437
4671,0.23114
4672,0.24872
4673,0.24492
4674,0.26270
4675,0.25240
4676,0.25974
4677,0.26157
4678,0.25427
4679,0.26312
4680,0.25915
4681,0.25574
4682,0.25169
4683,0.25068
4684,0.24128
4685,0.23869
4686,0.24350
4687,0.24473
4688,0.24672
4689,0.24773
4690,0.24328
4691,0.24736
4692,0.24377
4693,0.24188
4694,0.23843
4695,0.23625
4696,0.22305
4697,0.21737
4698,0.21631
4699,0.22123
4700,0.22326
4701,0.22486
4702,0.21886
4703,0.21440
4704,0.21404
4705,0.20787
4706,0.21082
4707,0.21090
4708,1.90033
4709,1.74699
4710,1.57948
