1,0.00000
2,2.30998
3,2.55152
4,2.52574
5,2.47001
6,2.45845
7,2.42929
8,2.43223
9,2.39628
10,2.41658
11,2.33136
12,2.31038
13,2.36825
14,2.27000
15,2.33524
16,2.27189
17,2.26463
18,2.15984
19,2.18534
20,2.16378
21,2.11552
22,2.08828
23,2.06969
24,2.07418
25,2.04702
26,2.02098
27,1.97718
28,1.92018
29,1.89358
30,1.90300
31,1.86736
32,1.86704
33,1.87879
34,1.86996
35,1.89692
36,1.85053
37,1.87922
38,1.87176
39,1.84146
40,1.78845
41,1.77333
42,1.74578
43,1.71510
44,1.74690
45,1.80500
46,1.78824
47,1.76218
48,1.71742
49,1.72524
50,1.73482
51,1.74067
52,1.75803
53,1.75178
54,1.68067
55,1.69052
56,1.69316
57,1.71411
58,1.75052
59,1.72867
60,1.73588
61,1.70705
62,1.69919
63,1.66946
64,1.65636
65,1.65824
66,1.68376
67,1.71827
68,1.71139
69,1.69943
70,1.69827
71,1.68407
72,1.69084
73,1.66433
74,1.63118
75,1.64971
76,1.65347
77,1.66851
78,1.65439
79,1.64828
80,1.64430
81,1.61630
82,1.60967
83,1.62785
84,1.60836
85,1.61703
86,1.61275
87,1.60115
88,1.59525
89,1.58561
90,1.57804
91,1.55958
92,1.57033
93,1.52832
94,1.52951
95,1.50974
96,1.51962
97,1.52465
98,1.53148
99,1.52846
100,1.51718
101,1.51725
102,1.51199
103,1.51828
104,1.50958
105,1.52590
106,1.49361
107,1.47286
108,1.45573
109,1.44707
110,1.44557
111,1.44579
112,1.43477
113,1.43624
114,1.44029
115,1.45091
116,1.44057
117,1.45993
118,1.46829
119,1.45459
120,1.44291
121,1.43027
122,1.41550
123,1.39681
124,1.39050
125,1.40507
126,1.61292
127,1.59165
128,1.58750
129,1.56280
130,1.53472
131,1.49864
132,1.49259
133,1.47713
134,1.46556
135,1.44513
136,1.43035
137,1.43623
138,1.43526
139,1.41246
140,1.39645
141,1.39867
142,1.40508
143,1.38257
144,1.37922
145,1.36849
146,1.36603
147,1.34937
148,1.34962
149,1.32847
150,1.32375
151,1.30496
152,1.28300
153,1.25286
154,1.28420
155,1.30061
156,1.28877
157,1.28485
158,1.25031
159,1.21088
160,1.21506
161,1.21282
162,1.23952
163,1.23859
164,1.25033
165,1.27435
166,1.29677
167,1.28583
168,1.28732
169,1.32081
170,1.32468
171,1.30459
172,1.29424
173,1.27898
174,1.27444
175,1.28809
176,1.29997
177,1.27993
178,1.24837
179,1.26766
180,1.27518
181,1.26847
182,1.24910
183,1.25660
184,1.24883
185,1.25199
186,1.26406
187,1.26748
188,1.26504
189,1.27188
190,1.25831
191,1.25734
192,1.26285
193,1.28845
194,1.26817
195,1.25844
196,1.25676
197,1.24570
198,1.22945
199,1.25475
200,1.24943
201,1.21410
202,1.22193
203,1.24303
204,1.23098
205,1.24307
206,1.22914
207,1.22974
208,1.20858
209,1.19929
210,1.18294
211,1.18038
212,1.15930
213,1.15098
214,1.13273
215,1.12966
216,1.12728
217,1.14174
218,1.15721
219,1.16525
220,1.14530
221,1.12749
222,1.14471
223,1.14869
224,1.17141
225,1.15450
226,1.16794
227,1.15846
228,1.15544
229,1.15989
230,1.16326
231,1.16802
232,1.15073
233,1.15606
234,1.14639
235,1.14497
236,1.14641
237,1.11894
238,1.10742
239,1.11051
240,1.10604
241,1.09778
242,1.11173
243,1.09189
244,1.11050
245,1.10427
246,1.13394
247,1.12726
248,1.10402
249,1.11575
250,1.10904
251,1.09347
252,1.08801
253,1.08626
254,1.08570
255,1.09573
256,1.11177
257,1.10678
258,1.11394
259,1.13103
260,1.12895
261,1.14418
262,1.12769
263,1.11812
264,1.13272
265,1.11935
266,1.12825
267,1.10030
268,1.08588
269,1.08874
270,1.07411
271,1.06132
272,1.05483
273,1.07089
274,1.05904
275,1.05910
276,1.04296
277,1.02824
278,1.03977
279,1.03869
280,1.05530
281,1.07749
282,1.09795
283,1.08589
284,1.60760
285,1.54963
286,1.49365
287,1.43353
288,1.37498
289,1.32414
290,1.29428
291,1.26607
292,1.23799
293,1.22577
294,1.23350
295,1.20079
296,1.16968
297,1.16257
298,1.15077
299,1.12969
300,1.11118
301,1.09464
302,1.08752
303,1.08296
304,1.08954
305,1.09252
306,1.09726
307,1.09450
308,1.07926
309,1.05642
310,1.03836
311,1.03293
312,1.04720
313,1.04980
314,1.03925
315,1.03781
316,1.05784
317,1.06944
318,1.07730
319,1.07328
320,1.06655
321,1.07943
322,1.06818
323,1.06790
324,1.05640
325,1.07320
326,1.07417
327,1.06885
328,1.05751
329,1.03830
330,1.04639
331,1.01895
332,1.01301
333,1.01100
334,1.01858
335,1.01929
336,1.02649
337,1.04074
338,1.02625
339,1.02704
340,1.02198
341,1.03140
342,1.01622
343,1.01370
344,1.00409
345,0.98796
346,1.00699
347,1.01632
348,1.01069
349,1.01654
350,1.00075
351,1.01177
352,1.00113
353,1.01066
354,0.98980
355,0.99852
356,0.99670
357,1.01337
358,1.00062
359,0.98910
360,0.99901
361,1.00064
362,1.01231
363,0.98299
364,0.97913
365,0.99459
366,0.99515
367,1.00891
368,1.01213
369,1.00401
370,1.01316
371,1.02426
372,1.00547
373,0.99582
374,0.96162
375,0.97466
376,0.97751
377,0.98789
378,0.97355
379,0.97014
380,0.97934
381,0.98037
382,0.99975
383,1.00694
384,1.01013
385,1.02101
386,1.02857
387,1.01857
388,1.00549
389,1.00848
390,1.01637
391,1.03454
392,1.03527
393,1.01134
394,1.01225
395,1.03107
396,1.04270
397,1.03514
398,1.00623
399,0.99062
400,1.00763
401,0.99425
402,1.00067
403,0.99851
404,0.98924
405,1.02634
406,1.03574
407,1.01928
408,0.99475
409,0.99830
410,0.97622
411,0.96464
412,0.98096
413,0.97109
414,0.97628
415,0.97012
416,0.98686
417,0.98058
418,0.98235
419,0.97616
420,0.97206
421,0.99272
422,0.97571
423,0.98014
424,0.94944
425,0.93519
426,0.94376
427,0.91928
428,0.92158
429,0.91687
430,0.96073
431,0.93911
432,0.93305
433,0.94348
434,0.92763
435,0.90240
436,0.91444
437,0.91240
438,0.91113
439,0.91727
440,0.90999
441,0.91138
442,1.47487
443,1.42315
444,1.42778
445,1.38629
446,1.33848
447,1.29524
448,1.27923
449,1.23859
450,1.19790
451,1.15903
452,1.13458
453,1.12316
454,1.08794
455,1.05026
456,1.03749
457,1.02005
458,1.00441
459,0.99607
460,0.98253
461,0.98548
462,0.96992
463,0.96799
464,0.98728
465,0.99113
466,0.99359
467,0.97417
468,0.94429
469,0.92225
470,0.93868
471,0.92126
472,0.93269
473,0.91223
474,0.88869
475,0.87256
476,0.89250
477,0.90536
478,0.91735
479,0.89984
480,0.89044
481,0.90708
482,0.90491
483,0.88766
484,0.88152
485,0.87565
486,0.89400
487,0.88885
488,0.90195
489,0.90484
490,0.91091
491,0.92261
492,0.92238
493,0.95777
494,0.94450
495,0.91065
496,0.90146
497,0.90360
498,0.89059
499,0.90902
500,0.87889
501,0.90041
502,0.90183
503,0.89814
504,0.89391
505,0.87163
506,0.86249
507,0.86758
508,0.85569
509,0.86612
510,0.88529
511,0.90085
512,0.89086
513,0.88354
514,0.87266
515,0.86008
516,0.86539
517,0.89488
518,0.87712
519,0.90112
520,0.89160
521,0.88797
522,0.88164
523,0.87788
524,0.86599
525,0.86003
526,0.87348
527,0.88523
528,0.88967
529,0.91342
530,0.89338
531,0.90703
532,0.89928
533,0.90066
534,0.89204
535,0.88930
536,0.87175
537,0.85781
538,0.84223
539,0.85097
540,0.83028
541,0.82211
542,0.81209
543,0.82407
544,0.80993
545,0.81699
546,0.82166
547,0.82470
548,0.82293
549,0.82687
550,0.86130
551,0.85872
552,0.88215
553,0.87803
554,0.90201
555,0.90923
556,0.90095
557,0.90373
558,0.90833
559,0.90742
560,0.90946
561,0.90509
562,0.91788
563,0.92570
564,0.92013
565,0.92140
566,0.91702
567,0.91267
568,0.92614
569,0.90929
570,0.90710
571,0.90490
572,0.89843
573,0.88749
574,0.86720
575,0.87184
576,0.86820
577,0.87915
578,0.85185
579,0.84443
580,0.85131
581,0.86128
582,0.84248
583,0.83235
584,0.83619
585,0.84042
586,0.83428
587,0.83194
588,0.83561
589,0.82940
590,0.80791
591,0.80576
592,0.79242
593,0.79431
594,0.80639
595,0.80597
596,0.80329
597,0.82244
598,0.82229
599,0.82603
600,1.33802
601,1.29300
602,1.27527
603,1.24997
604,1.19971
605,1.16589
606,1.13922
607,1.07840
608,1.05617
609,1.04905
610,1.04727
611,1.02546
612,0.98613
613,0.98755
614,0.98245
615,0.93844
616,0.94701
617,0.92896
618,0.92961
619,0.91442
620,0.91837
621,0.92365
622,0.91369
623,0.91478
624,0.92843
625,0.90956
626,0.88936
627,0.89149
628,0.87961
629,0.88550
630,0.88845
631,0.86508
632,0.83029
633,0.80240
634,0.80170
635,0.80387
636,0.80455
637,0.79755
638,0.79034
639,0.79652
640,0.76600
641,0.78609
642,0.79326
643,0.80151
644,0.80378
645,0.80674
646,0.81417
647,0.80746
648,0.79412
649,0.79996
650,0.80570
651,0.80774
652,0.78032
653,0.78443
654,0.80696
655,0.78928
656,0.80417
657,0.80696
658,0.81685
659,0.82178
660,0.83743
661,0.83541
662,0.82681
663,0.83867
664,0.84135
665,0.83520
666,0.83486
667,0.83479
668,0.84585
669,0.83534
670,0.86683
671,0.84436
672,0.86980
673,0.85806
674,0.84818
675,0.83510
676,0.82493
677,0.84097
678,0.83227
679,0.82427
680,0.83541
681,0.82767
682,0.80760
683,0.79734
684,0.79426
685,0.79633
686,0.81391
687,0.82216
688,0.81675
689,0.83009
690,0.81106
691,0.79361
692,0.81222
693,0.79797
694,0.81315
695,0.82370
696,0.83014
697,0.82732
698,0.82760
699,0.82250
700,0.84014
701,0.85254
702,0.87226
703,0.84935
704,0.85188
705,0.85471
706,0.84499
707,0.83517
708,0.82253
709,0.81945
710,0.82532
711,0.82202
712,0.81114
713,0.80206
714,0.78418
715,0.77991
716,0.78937
717,0.80486
718,0.80596
719,0.80752
720,0.81407
721,0.82050
722,0.81535
723,0.81510
724,0.80637
725,0.78426
726,0.78265
727,0.77995
728,0.78431
729,0.80003
730,0.78932
731,0.80559
732,0.80380
733,0.80627
734,0.81650
735,0.81854
736,0.78915
737,0.80317
738,0.80877
739,0.79934
740,0.78754
741,0.80020
742,0.78194
743,0.79695
744,0.78758
745,0.79987
746,0.79096
747,0.79399
748,0.79711
749,0.80387
750,0.79121
751,0.78212
752,0.77376
753,0.78946
754,0.77788
755,0.78129
756,0.79201
757,0.77209
758,1.45248
759,1.38377
760,1.31102
761,1.26246
762,1.24745
763,1.18360
764,1.15403
765,1.11365
766,1.08067
767,1.05331
768,1.01171
769,0.98889
770,0.97114
771,0.96623
772,0.96801
773,0.94229
774,0.90393
775,0.90456
776,0.90580
777,0.89336
778,0.90698
779,0.90402
780,0.90815
781,0.88604
782,0.87145
783,0.86077
784,0.83137
785,0.82972
786,0.81752
787,0.82584
788,0.82694
789,0.83249
790,0.84113
791,0.84502
792,0.82798
793,0.86563
794,0.87069
795,0.87065
796,0.85101
797,0.87094
798,0.87033
799,0.84878
800,0.83662
801,0.82457
802,0.80589
803,0.78355
804,0.79062
805,0.78901
806,0.77463
807,0.78378
808,0.80497
809,0.80754
810,0.79226
811,0.77734
812,0.78342
813,0.77749
814,0.78745
815,0.77730
816,0.77093
817,0.76550
818,0.76010
819,0.75740
820,0.76169
821,0.78379
822,0.76715
823,0.78589
824,0.76884
825,0.74880
826,0.75402
827,0.78370
828,0.78905
829,0.79715
830,0.80008
831,0.80886
832,0.78948
833,0.78143
834,0.79933
835,0.82478
836,0.83664
837,0.82932
838,0.84361
839,0.85865
840,0.85156
841,0.84183
842,0.83533
843,0.85353
844,0.84639
845,0.85703
846,0.83524
847,0.83741
848,0.86162
849,0.84059
850,0.85455
851,0.85959
852,0.85077
853,0.82438
854,0.84550
855,0.83144
856,0.81665
857,0.79019
858,0.80954
859,0.81294
860,0.82645
861,0.83078
862,0.82803
863,0.81508
864,0.85450
865,0.85573
866,0.83871
867,0.82289
868,0.81037
869,0.79642
870,0.80732
871,0.78853
872,0.75350
873,0.73418
874,0.72639
875,0.71461
876,0.72468
877,0.72102
878,0.74128
879,0.73441
880,0.76295
881,0.76488
882,0.79079
883,0.79715
884,0.80195
885,0.79409
886,0.77668
887,0.75564
888,0.75688
889,0.76416
890,0.78434
891,0.77620
892,0.77230
893,0.76536
894,0.77093
895,0.76544
896,0.76888
897,0.77944
898,0.77819
899,0.76461
900,0.74662
901,0.74156
902,0.74096
903,0.73946
904,0.72631
905,0.74145
906,0.73747
907,0.74016
908,0.73044
909,0.74958
910,0.73165
911,0.72530
912,0.73505
913,0.73561
914,0.74531
915,0.75490
916,1.40865
917,1.33051
918,1.29207
919,1.23787
920,1.17977
921,1.12191
922,1.10453
923,1.07396
924,1.03405
925,1.00884
926,0.98915
927,0.96263
928,0.93529
929,0.92554
930,0.92119
931,0.90143
932,0.89350
933,0.91940
934,0.94478
935,0.95653
936,0.94095
937,0.92013
938,0.89452
939,0.88562
940,0.84345
941,0.85361
942,0.81855
943,0.82689
944,0.81938
945,0.81305
946,0.80856
947,0.79870
948,0.81596
949,0.82052
950,0.80214
951,0.78213
952,0.76166
953,0.76993
954,0.76965
955,0.79284
956,0.78145
957,0.77510
958,0.77937
959,0.79824
960,0.79661
961,0.80318
962,0.81409
963,0.80012
964,0.77160
965,0.76026
966,0.75039
967,0.76902
968,0.74876
969,0.73977
970,0.73221
971,0.72627
972,0.73065
973,0.71745
974,0.71438
975,0.72902
976,0.73651
977,0.75639
978,0.77534
979,0.77982
980,0.77315
981,0.76465
982,0.74791
983,0.73571
984,0.73119
985,0.73416
986,0.73643
987,0.73285
988,0.76715
989,0.76847
990,0.75931
991,0.75850
992,0.74947
993,0.76987
994,0.74426
995,0.75081
996,0.74222
997,0.74124
998,0.73119
999,0.70877
1000,0.71374
1001,0.70815
1002,0.71185
1003,0.72061
1004,0.73481
1005,0.74119
1006,0.76185
1007,0.76830
1008,0.74697
1009,0.73457
1010,0.72377
1011,0.71749
1012,0.72467
1013,0.71417
1014,0.68924
1015,0.68752
1016,0.68012
1017,0.66958
1018,0.68165
1019,0.69789
1020,0.70821
1021,0.71054
1022,0.70814
1023,0.70138
1024,0.70744
1025,0.70271
1026,0.72575
1027,0.70337
1028,0.70753
1029,0.72048
1030,0.73540
1031,0.76473
1032,0.74832
1033,0.74172
1034,0.76983
1035,0.76179
1036,0.77434
1037,0.75414
1038,0.75697
1039,0.75596
1040,0.73775
1041,0.73275
1042,0.74525
1043,0.73834
1044,0.74403
1045,0.77299
1046,0.78300
1047,0.77865
1048,0.76465
1049,0.74308
1050,0.75164
1051,0.74074
1052,0.73755
1053,0.76754
1054,0.77410
1055,0.77528
1056,0.75630
1057,0.75182
1058,0.75555
1059,0.76165
1060,0.74982
1061,0.76002
1062,0.75012
1063,0.75250
1064,0.75334
1065,0.74586
1066,0.74550
1067,0.74157
1068,0.73227
1069,0.74617
1070,0.75690
1071,0.74309
1072,0.74597
1073,0.75404
1074,1.33597
1075,1.27052
1076,1.22956
1077,1.18988
1078,1.13291
1079,1.09569
1080,1.05477
1081,1.04351
1082,1.01364
1083,0.99096
1084,0.97329
1085,0.94039
1086,0.90655
1087,0.90581
1088,0.88488
1089,0.87056
1090,0.85334
1091,0.84916
1092,0.83053
1093,0.80570
1094,0.79858
1095,0.77785
1096,0.78855
1097,0.78191
1098,0.79231
1099,0.76613
1100,0.78215
1101,0.77088
1102,0.74218
1103,0.73815
1104,0.75205
1105,0.74196
1106,0.76543
1107,0.75884
1108,0.73987
1109,0.74027
1110,0.72959
1111,0.72274
1112,0.69499
1113,0.70846
1114,0.71204
1115,0.69611
1116,0.68357
1117,0.68910
1118,0.70218
1119,0.71177
1120,0.73418
1121,0.71392
1122,0.71747
1123,0.71055
1124,0.71501
1125,0.72265
1126,0.72590
1127,0.71826
1128,0.69500
1129,0.70793
1130,0.69789
1131,0.67956
1132,0.69209
1133,0.67545
1134,0.66234
1135,0.66966
1136,0.68047
1137,0.68233
1138,0.70218
1139,0.72853
1140,0.73053
1141,0.71826
1142,0.71993
1143,0.72604
1144,0.74600
1145,0.74996
1146,0.73734
1147,0.75363
1148,0.74861
1149,0.73121
1150,0.72883
1151,0.73525
1152,0.75570
1153,0.76741
1154,0.75613
1155,0.74127
1156,0.76979
1157,0.76176
1158,0.75790
1159,0.75267
1160,0.74489
1161,0.75270
1162,0.73962
1163,0.74074
1164,0.71879
1165,0.74094
1166,0.73945
1167,0.74173
1168,0.74131
1169,0.70257
1170,0.69721
1171,0.69990
1172,0.71466
1173,0.73641
1174,0.73038
1175,0.74125
1176,0.73337
1177,0.72586
1178,0.71791
1179,0.73187
1180,0.72387
1181,0.71560
1182,0.71065
1183,0.71459
1184,0.69376
1185,0.70875
1186,0.69219
1187,0.70929
1188,0.70096
1189,0.70244
1190,0.72682
1191,0.70785
1192,0.71567
1193,0.70804
1194,0.73131
1195,0.71645
1196,0.69098
1197,0.67588
1198,0.67188
1199,0.69276
1200,0.68768
1201,0.69665
1202,0.71403
1203,0.71384
1204,0.71985
1205,0.76033
1206,0.77910
1207,0.76822
1208,0.75256
1209,0.74345
1210,0.74666
1211,0.74217
1212,0.72782
1213,0.72229
1214,0.73063
1215,0.72913
1216,0.71026
1217,0.71159
1218,0.70774
1219,0.72652
1220,0.72186
1221,0.70681
1222,0.69900
1223,0.69302
1224,0.70384
1225,0.70925
1226,0.72173
1227,0.73247
1228,0.73238
1229,0.73422
1230,0.73087
1231,0.73883
1232,1.36463
1233,1.30529
1234,1.24102
1235,1.19303
1236,1.14819
1237,1.10364
1238,1.06433
1239,1.03153
1240,1.00094
1241,0.98203
1242,0.94540
1243,0.92647
1244,0.89962
1245,0.89249
1246,0.87587
1247,0.86005
1248,0.84909
1249,0.84378
1250,0.81474
1251,0.79671
1252,0.78242
1253,0.78794
1254,0.76164
1255,0.75057
1256,0.75148
1257,0.73057
1258,0.71102
1259,0.70187
1260,0.70670
1261,0.71972
1262,0.69992
1263,0.68314
1264,0.66097
1265,0.66397
1266,0.64890
1267,0.66823
1268,0.64528
1269,0.63501
1270,0.65915
1271,0.70269
1272,0.71645
1273,0.72191
1274,0.72272
1275,0.71851
1276,0.69944
1277,0.69769
1278,0.69294
1279,0.67702
1280,0.70480
1281,0.68466
1282,0.68616
1283,0.69165
1284,0.68655
1285,0.70416
1286,0.70620
1287,0.68398
1288,0.67468
1289,0.67126
1290,0.67356
1291,0.66873
1292,0.66883
1293,0.66284
1294,0.65719
1295,0.66654
1296,0.68195
1297,0.71243
1298,0.70380
1299,0.70740
1300,0.69974
1301,0.70762
1302,0.69157
1303,0.70458
1304,0.69535
1305,0.68981
1306,0.68127
1307,0.66658
1308,0.66630
1309,0.66398
1310,0.69668
1311,0.68866
1312,0.67807
1313,0.68918
1314,0.70239
1315,0.67700
1316,0.68733
1317,0.66466
1318,0.68465
1319,0.71099
1320,0.71986
1321,0.71700
1322,0.69614
1323,0.68950
1324,0.67866
1325,0.66126
1326,0.65137
1327,0.65823
1328,0.66239
1329,0.64702
1330,0.65646
1331,0.64095
1332,0.65714
1333,0.67397
1334,0.67890
1335,0.67264
1336,0.68680
1337,0.66970
1338,0.66628
1339,0.67322
1340,0.65261
1341,0.66728
1342,0.68213
1343,0.68094
1344,0.69110
1345,0.68769
1346,0.65873
1347,0.65371
1348,0.66525
1349,0.67180
1350,0.67808
1351,0.67028
1352,0.66256
1353,0.65344
1354,0.67075
1355,0.69471
1356,0.69003
1357,0.67827
1358,0.66160
1359,0.63945
1360,0.67262
1361,0.65404
1362,0.65032
1363,0.65382
1364,0.66321
1365,0.66072
1366,0.66016
1367,0.66667
1368,0.64876
1369,0.66009
1370,0.67173
1371,0.66694
1372,0.67716
1373,0.68057
1374,0.69597
1375,0.72432
1376,0.71334
1377,0.70521
1378,0.69567
1379,0.69030
1380,0.69564
1381,0.75471
1382,0.72939
1383,0.72901
1384,0.74797
1385,0.74683
1386,0.73585
1387,0.72083
1388,0.70331
1389,0.69530
1390,1.48669
1391,1.42373
1392,1.34736
1393,1.28056
1394,1.24658
1395,1.19248
1396,1.12655
1397,1.06456
1398,1.02111
1399,0.96919
1400,0.93515
1401,0.89322
1402,0.85958
1403,0.84678
1404,0.79881
1405,0.76588
1406,0.74464
1407,0.74259
1408,0.75758
1409,0.73927
1410,0.71857
1411,0.69687
1412,0.69702
1413,0.68530
1414,0.68356
1415,0.66189
1416,0.65159
1417,0.63229
1418,0.64323
1419,0.62548
1420,0.60918
1421,0.60620
1422,0.60655
1423,0.61305
1424,0.62561
1425,0.63019
1426,0.63689
1427,0.62080
1428,0.60908
1429,0.63178
1430,0.63688
1431,0.65194
1432,0.64711
1433,0.63563
1434,0.63677
1435,0.62397
1436,0.62308
1437,0.63120
1438,0.64518
1439,0.67096
1440,0.66967
1441,0.68335
1442,0.66968
1443,0.65695
1444,0.65821
1445,0.65456
1446,0.65380
1447,0.64449
1448,0.65394
1449,0.63688
1450,0.66116
1451,0.65495
1452,0.65083
1453,0.63982
1454,0.64383
1455,0.63933
1456,0.62086
1457,0.61067
1458,0.64900
1459,0.65485
1460,0.64723
1461,0.66470
1462,0.66281
1463,0.66647
1464,0.67191
1465,0.68009
1466,0.67210
1467,0.67846
1468,0.67217
1469,0.66079
1470,0.64939
1471,0.64414
1472,0.65311
1473,0.66020
1474,0.66295
1475,0.66144
1476,0.66870
1477,0.65728
1478,0.64281
1479,0.64608
1480,0.64187
1481,0.63138
1482,0.64520
1483,0.65836
1484,0.66165
1485,0.66905
1486,0.64670
1487,0.66978
1488,0.69200
1489,0.67883
1490,0.68584
1491,0.69664
1492,0.72043
1493,0.70823
1494,0.70966
1495,0.69511
1496,0.68111
1497,0.67219
1498,0.66498
1499,0.65217
1500,0.66262
1501,0.66267
1502,0.66353
1503,0.68233
1504,0.69130
1505,0.67929
1506,0.66154
1507,0.66340
1508,0.65267
1509,0.64778
1510,0.65447
1511,0.67351
1512,0.68637
1513,0.66597
1514,0.66342
1515,0.65783
1516,0.66705
1517,0.67244
1518,0.67022
1519,0.67768
1520,0.68433
1521,0.67727
1522,0.67709
1523,0.69961
1524,0.69304
1525,0.67586
1526,0.66867
1527,0.65526
1528,0.65297
1529,0.64830
1530,0.64758
1531,0.62947
1532,0.62602
1533,0.60898
1534,0.59200
1535,0.59311
1536,0.59396
1537,0.61582
1538,0.60608
1539,0.62464
1540,0.61154
1541,0.61715
1542,0.61967
1543,0.62628
1544,0.64076
1545,0.62789
1546,0.64962
1547,0.67548
1548,1.55560
1549,1.45289
1550,1.35865
1551,1.26160
1552,1.21022
1553,1.16291
1554,1.12910
1555,1.08093
1556,1.04494
1557,0.99570
1558,0.95148
1559,0.93448
1560,0.89379
1561,0.87332
1562,0.84746
1563,0.82640
1564,0.81210
1565,0.78467
1566,0.77499
1567,0.76852
1568,0.75025
1569,0.74089
1570,0.73155
1571,0.72643
1572,0.70252
1573,0.69665
1574,0.66456
1575,0.66167
1576,0.66121
1577,0.65169
1578,0.64455
1579,0.63833
1580,0.62061
1581,0.61650
1582,0.63430
1583,0.64016
1584,0.64058
1585,0.65003
1586,0.66206
1587,0.65274
1588,0.63642
1589,0.62763
1590,0.65116
1591,0.65560
1592,0.66600
1593,0.66722
1594,0.67312
1595,0.67356
1596,0.67968
1597,0.68114
1598,0.69048
1599,0.68065
1600,0.66866
1601,0.66325
1602,0.66081
1603,0.67569
1604,0.66891
1605,0.66871
1606,0.66547
1607,0.66208
1608,0.66924
1609,0.66066
1610,0.66113
1611,0.66164
1612,0.66302
1613,0.66094
1614,0.63923
1615,0.62971
1616,0.64667
1617,0.65078
1618,0.65364
1619,0.65334
1620,0.64666
1621,0.63299
1622,0.64208
1623,0.63895
1624,0.62641
1625,0.64605
1626,0.67782
1627,0.67669
1628,0.67358
1629,0.67683
1630,0.66995
1631,0.65833
1632,0.66238
1633,0.66390
1634,0.67129
1635,0.66713
1636,0.65916
1637,0.65948
1638,0.67243
1639,0.66265
1640,0.63949
1641,0.63847
1642,0.65925
1643,0.65610
1644,0.67628
1645,0.65943
1646,0.65094
1647,0.63544
1648,0.62265
1649,0.60784
1650,0.60165
1651,0.59691
1652,0.60278
1653,0.58226
1654,0.60897
1655,0.59913
1656,0.63003
1657,0.63284
1658,0.63651
1659,0.63826
1660,0.65330
1661,0.64580
1662,0.64892
1663,0.64952
1664,0.64095
1665,0.67196
1666,0.66135
1667,0.66404
1668,0.66403
1669,0.65846
1670,0.65528
1671,0.63097
1672,0.63610
1673,0.64546
1674,0.62534
1675,0.62628
1676,0.63183
1677,0.64331
1678,0.63363
1679,0.63122
1680,0.62738
1681,0.63689
1682,0.63959
1683,0.63783
1684,0.64031
1685,0.64538
1686,0.64414
1687,0.64141
1688,0.63737
1689,0.64918
1690,0.65153
1691,0.66010
1692,0.65136
1693,0.64343
1694,0.65684
1695,0.64996
1696,0.66331
1697,0.65565
1698,0.65394
1699,0.66473
1700,0.65316
1701,0.64432
1702,0.63987
1703,0.63624
1704,0.63725
1705,0.62892
1706,1.44068
1707,1.36737
1708,1.28024
1709,1.21289
1710,1.16523
1711,1.09328
1712,1.07711
1713,1.03233
1714,0.98090
1715,0.94722
1716,0.90631
1717,0.87893
1718,0.86583
1719,0.84477
1720,0.81387
1721,0.78169
1722,0.75645
1723,0.77929
1724,0.76009
1725,0.75349
1726,0.73940
1727,0.71487
1728,0.71574
1729,0.71321
1730,0.70967
1731,0.69720
1732,0.67779
1733,0.66894
1734,0.65868
1735,0.66873
1736,0.66357
1737,0.65575
1738,0.62903
1739,0.59861
1740,0.60004
1741,0.60190
1742,0.61508
1743,0.61100
1744,0.63569
1745,0.63334
1746,0.64015
1747,0.62746
1748,0.63909
1749,0.63791
1750,0.65326
1751,0.65526
1752,0.64793
1753,0.64663
1754,0.63571
1755,0.64095
1756,0.62409
1757,0.63364
1758,0.64414
1759,0.65121
1760,0.65318
1761,0.67022
1762,0.67852
1763,0.66884
1764,0.66347
1765,0.66414
1766,0.65348
1767,0.63294
1768,0.61543
1769,0.62512
1770,0.63831
1771,0.66612
1772,0.65662
1773,0.65785
1774,0.65056
1775,0.66696
1776,0.65068
1777,0.65505
1778,0.64913
1779,0.67188
1780,0.66974
1781,0.66132
1782,0.65092
1783,0.63573
1784,0.63599
1785,0.62803
1786,0.62626
1787,0.61767
1788,0.60415
1789,0.61806
1790,0.62097
1791,0.62683
1792,0.62746
1793,0.62386
1794,0.61944
1795,0.61456
1796,0.62126
1797,0.62384
1798,0.62771
1799,0.62025
1800,0.62195
1801,0.60584
1802,0.59494
1803,0.59603
1804,0.58414
1805,0.59001
1806,0.60073
1807,0.60695
1808,0.62117
1809,0.60342
1810,0.61258
1811,0.58885
1812,0.59089
1813,0.58794
1814,0.60369
1815,0.62170
1816,0.61458
1817,0.61337
1818,0.60029
1819,0.62547
1820,0.62068
1821,0.62591
1822,0.61637
1823,0.62089
1824,0.62977
1825,0.62010
1826,0.60628
1827,0.62799
1828,0.62431
1829,0.61887
1830,0.59801
1831,0.60002
1832,0.61180
1833,0.60703
1834,0.62232
1835,0.61481
1836,0.60479
1837,0.60869
1838,0.59500
1839,0.59302
1840,0.60043
1841,0.59929
1842,0.58652
1843,0.59894
1844,0.60215
1845,0.60877
1846,0.62864
1847,0.62395
1848,0.62088
1849,0.60437
1850,0.60183
1851,0.62001
1852,0.62857
1853,0.61880
1854,0.62665
1855,0.61972
1856,0.60948
1857,0.59516
1858,0.60175
1859,0.59942
1860,0.61506
1861,0.61386
1862,0.60309
1863,0.59772
1864,0.58623
1865,0.58372
1866,0.59574
1867,0.58936
1868,0.57653
1869,0.57191
1870,0.56521
1871,0.57169
1872,0.57242
1873,0.57583
1874,0.58895
1875,0.58280
1876,0.56901
1877,0.56114
1878,0.59313
1879,0.60774
1880,0.60555
1881,0.62628
1882,0.61520
1883,0.62050
1884,0.59315
1885,0.59602
1886,0.61179
1887,0.62649
1888,0.61892
1889,0.60721
1890,0.60446
1891,0.60041
1892,0.59681
1893,0.58297
1894,0.58360
1895,0.60413
1896,0.62562
1897,0.64715
1898,0.65436
1899,0.64604
1900,0.65992
1901,0.66804
1902,0.64331
1903,0.63923
1904,0.63496
1905,0.63142
1906,0.62474
1907,0.61083
1908,0.61351
1909,0.63379
1910,0.63016
1911,0.61585
1912,0.63681
1913,0.66476
1914,0.65750
1915,0.64028
1916,0.64840
1917,0.65588
1918,0.64481
1919,0.65805
1920,0.68723
1921,0.68316
1922,0.66467
1923,0.66157
1924,0.66291
1925,0.64981
1926,0.64689
1927,0.63940
1928,0.62183
1929,0.61899
1930,0.61778
1931,0.60183
1932,0.59754
1933,0.61669
1934,0.63339
1935,0.63694
1936,0.66675
1937,0.65508
1938,0.65228
1939,0.64687
1940,0.62964
1941,0.62811
1942,0.62580
1943,0.62415
1944,0.61679
1945,0.61397
1946,0.61118
1947,0.64015
1948,0.63164
1949,0.62365
1950,0.60917
1951,0.60701
1952,0.59350
1953,0.59698
1954,0.60410
1955,0.60374
1956,0.60338
1957,0.57928
1958,0.56869
1959,0.56932
1960,0.56417
1961,0.58644
1962,0.60975
1963,0.61442
1964,0.65699
1965,0.63810
1966,0.63429
1967,0.64381
1968,0.63466
1969,0.62682
1970,0.63909
1971,0.63572
1972,0.63971
1973,0.64054
1974,0.63433
1975,0.61737
1976,0.61095
1977,0.60801
1978,0.62389
1979,0.61549
1980,0.62641
1981,0.63631
1982,0.63772
1983,0.64233
1984,0.62777
1985,0.62384
1986,0.60327
1987,0.61257
1988,0.59091
1989,0.59570
1990,0.60306
1991,0.59524
1992,0.59041
1993,0.60648
1994,0.60686
1995,0.60375
1996,0.60270
1997,0.61059
1998,0.63448
1999,0.63173
2000,0.64286
2001,0.63187
2002,0.61024
2003,0.63255
2004,0.63043
2005,0.64924
2006,0.64172
2007,0.62867
2008,0.63400
2009,0.61790
2010,0.63556
2011,0.62136
2012,0.60879
2013,0.62506
2014,0.61457
2015,0.62518
2016,0.60723
2017,0.60858
2018,0.60173
2019,0.58979
2020,0.58897
2021,0.58175
2022,1.34316
2023,1.26523
2024,1.19114
2025,1.11652
2026,1.04820
2027,0.99692
2028,0.96008
2029,0.93266
2030,0.88402
2031,0.86990
2032,0.85199
2033,0.81908
2034,0.79073
2035,0.76875
2036,0.74068
2037,0.71873
2038,0.71639
2039,0.71210
2040,0.68783
2041,0.68341
2042,0.67372
2043,0.67098
2044,0.66464
2045,0.65952
2046,0.64628
2047,0.67123
2048,0.66529
2049,0.65846
2050,0.64043
2051,0.62287
2052,0.62662
2053,0.61458
2054,0.62243
2055,0.61122
2056,0.61837
2057,0.61497
2058,0.60158
2059,0.58982
2060,0.56458
2061,0.55980
2062,0.56105
2063,0.57865
2064,0.56886
2065,0.57238
2066,0.58945
2067,0.57744
2068,0.57654
2069,0.56961
2070,0.56213
2071,0.57115
2072,0.58297
2073,0.59449
2074,0.59684
2075,0.58859
2076,0.59011
2077,0.59179
2078,0.57601
2079,0.59789
2080,0.60740
2081,0.60474
2082,0.62358
2083,0.62076
2084,0.63848
2085,0.62681
2086,0.63361
2087,0.61984
2088,0.62122
2089,0.62597
2090,0.63112
2091,0.61529
2092,0.60147
2093,0.59930
2094,0.58228
2095,0.58469
2096,0.57557
2097,0.57337
2098,0.57745
2099,0.58237
2100,0.56730
2101,0.57365
2102,0.58393
2103,0.58333
2104,0.57099
2105,0.57903
2106,0.59327
2107,0.57320
2108,0.56926
2109,0.57511
2110,0.59223
2111,0.60851
2112,0.58504
2113,0.59630
2114,0.59691
2115,0.59073
2116,0.57380
2117,0.57859
2118,0.58759
2119,0.58670
2120,0.61135
2121,0.61930
2122,0.62121
2123,0.63282
2124,0.62245
2125,0.62627
2126,0.63926
2127,0.62978
2128,0.61989
2129,0.59695
2130,0.59734
2131,0.57752
2132,0.56281
2133,0.57902
2134,0.57746
2135,0.58245
2136,0.59031
2137,0.58616
2138,0.61392
2139,0.62547
2140,0.62942
2141,0.63619
2142,0.65181
2143,0.65630
2144,0.64642
2145,0.64817
2146,0.63165
2147,0.61545
2148,0.60698
2149,0.58139
2150,0.58471
2151,0.56918
2152,0.57723
2153,0.56806
2154,0.55564
2155,0.55393
2156,0.55300
2157,0.55762
2158,0.58872
2159,0.59576
2160,0.60628
2161,0.62909
2162,0.62924
2163,0.64089
2164,0.63289
2165,0.62021
2166,0.60340
2167,0.61609
2168,0.60011
2169,0.60624
2170,0.60910
2171,0.61405
2172,0.59676
2173,0.59175
2174,0.61498
2175,0.63411
2176,0.65342
2177,0.64967
2178,0.66189
2179,0.65956
2180,1.60177
2181,1.50136
2182,1.39897
2183,1.32715
2184,1.22665
2185,1.14852
2186,1.07946
2187,1.02132
2188,0.98210
2189,0.93441
2190,0.89196
2191,0.86743
2192,0.83408
2193,0.80735
2194,0.77824
2195,0.74826
2196,0.74146
2197,0.73235
2198,0.70468
2199,0.67833
2200,0.66169
2201,0.66039
2202,0.64987
2203,0.64183
2204,0.64642
2205,0.65138
2206,0.64532
2207,0.65654
2208,0.63736
2209,0.63096
2210,0.60907
2211,0.63354
2212,0.60666
2213,0.58422
2214,0.58376
2215,0.57908
2216,0.59026
2217,0.59666
2218,0.59629
2219,0.60035
2220,0.58535
2221,0.60188
2222,0.61463
2223,0.63231
2224,0.62223
2225,0.62457
2226,0.60937
2227,0.61065
2228,0.59987
2229,0.59486
2230,0.61191
2231,0.62279
2232,0.62338
2233,0.62166
2234,0.63831
2235,0.63844
2236,0.62469
2237,0.63996
2238,0.64081
2239,0.61761
2240,0.60257
2241,0.59353
2242,0.60886
2243,0.60742
2244,0.60890
2245,0.60115
2246,0.62011
2247,0.62760
2248,0.62141
2249,0.61625
2250,0.62557
2251,0.62337
2252,0.60541
2253,0.61256
2254,0.60005
2255,0.61293
2256,0.60715
2257,0.61039
2258,0.60778
2259,0.62527
2260,0.63779
2261,0.65416
2262,0.66169
2263,0.65406
2264,0.65992
2265,0.65451
2266,0.65737
2267,0.65941
2268,0.63970
2269,0.63032
2270,0.63259
2271,0.62231
2272,0.61572
2273,0.61013
2274,0.60363
2275,0.61621
2276,0.62943
2277,0.61767
2278,0.61120
2279,0.60051
2280,0.59013
2281,0.60377
2282,0.58413
2283,0.57967
2284,0.56621
2285,0.56477
2286,0.54808
2287,0.57303
2288,0.56582
2289,0.56845
2290,0.58101
2291,0.59609
2292,0.60487
2293,0.60549
2294,0.64042
2295,0.63341
2296,0.62023
2297,0.62030
2298,0.59778
2299,0.59085
2300,0.60993
2301,0.63824
2302,0.64043
2303,0.63621
2304,0.61589
2305,0.60899
2306,0.60495
2307,0.58877
2308,0.56510
2309,0.56337
2310,0.56906
2311,0.56663
2312,0.54894
2313,0.56860
2314,0.57337
2315,0.58835
2316,0.59978
2317,0.59769
2318,0.60157
2319,0.60057
2320,0.60348
2321,0.59964
2322,0.57446
2323,0.57324
2324,0.56966
2325,0.57210
2326,0.54563
2327,0.54885
2328,0.56379
2329,0.56505
2330,0.56766
2331,0.56302
2332,0.56695
2333,0.56399
2334,0.56726
2335,0.56198
2336,0.55435
2337,0.55148
2338,1.42042
2339,1.33188
2340,1.24110
2341,1.16675
2342,1.10681
2343,1.06925
2344,1.05634
2345,0.99908
2346,0.96237
2347,0.92416
2348,0.87275
2349,0.83982
2350,0.81182
2351,0.80050
2352,0.77765
2353,0.76468
2354,0.72987
2355,0.72044
2356,0.69892
2357,0.67027
2358,0.67938
2359,0.65979
2360,0.65386
2361,0.64547
2362,0.63442
2363,0.62430
2364,0.63872
2365,0.63097
2366,0.62494
2367,0.64286
2368,0.62725
2369,0.61385
2370,0.61517
2371,0.62287
2372,0.61992
2373,0.61971
2374,0.61582
2375,0.62624
2376,0.62180
2377,0.61308
2378,0.60652
2379,0.62078
2380,0.61186
2381,0.60198
2382,0.61657
2383,0.61294
2384,0.60650
2385,0.59680
2386,0.61175
2387,0.61504
2388,0.60840
2389,0.60511
2390,0.58332
2391,0.56937
2392,0.56996
2393,0.55222
2394,0.54514
2395,0.55430
2396,0.57627
2397,0.56933
2398,0.56320
2399,0.56110
2400,0.56336
2401,0.58544
2402,0.58061
2403,0.57545
2404,0.56832
2405,0.57260
2406,0.57555
2407,0.55815
2408,0.56278
2409,0.55289
2410,0.54396
2411,0.52689
2412,0.54806
2413,0.55121
2414,0.55241
2415,0.54246
2416,0.53717
2417,0.53430
2418,0.57510
2419,0.56549
2420,0.55245
2421,0.57394
2422,0.57355
2423,0.57497
2424,0.55844
2425,0.54490
2426,0.54151
2427,0.53071
2428,0.53665
2429,0.55096
2430,0.56276
2431,0.56791
2432,0.57103
2433,0.59895
2434,0.59337
2435,0.61213
2436,0.61801
2437,0.61363
2438,0.60661
2439,0.57767
2440,0.57709
2441,0.60906
2442,0.61319
2443,0.61674
2444,0.60373
2445,0.60351
2446,0.59491
2447,0.58190
2448,0.58402
2449,0.58319
2450,0.57866
2451,0.57808
2452,0.56651
2453,0.57030
2454,0.58028
2455,0.58964
2456,0.57980
2457,0.58456
2458,0.56809
2459,0.57076
2460,0.55579
2461,0.55271
2462,0.54202
2463,0.55572
2464,0.55561
2465,0.56429
2466,0.57143
2467,0.56681
2468,0.55967
2469,0.56528
2470,0.55857
2471,0.55502
2472,0.55510
2473,0.53579
2474,0.53258
2475,0.53572
2476,0.54042
2477,0.54548
2478,0.56312
2479,0.57188
2480,0.57899
2481,0.57978
2482,0.56262
2483,0.55227
2484,0.54610
2485,0.55544
2486,0.55116
2487,0.54674
2488,0.57619
2489,0.56612
2490,0.58297
2491,0.58018
2492,0.58462
2493,0.60348
2494,0.58147
2495,0.57041
2496,1.54535
2497,1.44674
2498,1.37010
2499,1.30744
2500,1.24368
2501,1.18133
2502,1.12049
2503,1.05744
2504,1.01986
2505,0.96631
2506,0.92449
2507,0.89083
2508,0.84624
2509,0.83660
2510,0.83985
2511,0.82061
2512,0.81985
2513,0.78310
2514,0.74444
2515,0.73725
2516,0.72274
2517,0.68454
2518,0.67927
2519,0.67145
2520,0.63979
2521,0.62584
2522,0.62589
2523,0.62272
2524,0.62712
2525,0.63232
2526,0.61290
2527,0.61256
2528,0.59564
2529,0.56807
2530,0.55530
2531,0.54685
2532,0.53225
2533,0.54772
2534,0.53285
2535,0.54172
2536,0.54805
2537,0.54937
2538,0.55245
2539,0.55514
2540,0.54446
2541,0.52755
2542,0.52018
2543,0.51627
2544,0.53583
2545,0.54426
2546,0.53359
2547,0.53202
2548,0.52294
2549,0.53275
2550,0.52933
2551,0.52502
2552,0.52238
2553,0.51880
2554,0.53237
2555,0.51141
2556,0.53755
2557,0.53924
2558,0.55189
2559,0.55892
2560,0.58232
2561,0.57637
2562,0.57527
2563,0.57548
2564,0.60098
2565,0.59241
2566,0.58759
2567,0.57300
2568,0.59415
2569,0.57840
2570,0.57839
2571,0.56606
2572,0.54483
2573,0.55847
2574,0.55437
2575,0.55637
2576,0.56755
2577,0.56675
2578,0.57730
2579,0.60016
2580,0.58942
2581,0.61418
2582,0.62207
2583,0.63004
2584,0.61176
2585,0.62055
2586,0.61400
2587,0.59998
2588,0.59831
2589,0.59322
2590,0.60304
2591,0.59289
2592,0.57583
2593,0.57688
2594,0.59049
2595,0.57891
2596,0.56515
2597,0.56174
2598,0.56030
2599,0.55621
2600,0.55266
2601,0.56609
2602,0.57563
2603,0.57480
2604,0.59455
2605,0.58289
2606,0.56690
2607,0.56792
2608,0.57325
2609,0.58452
2610,0.59305
2611,0.60791
2612,0.60321
2613,0.59569
2614,0.57458
2615,0.56359
2616,0.56328
2617,0.57702
2618,0.57015
2619,0.55895
2620,0.56206
2621,0.55087
2622,0.55863
2623,0.55236
2624,0.55762
2625,0.56486
2626,0.55757
2627,0.58223
2628,0.57579
2629,0.58836
2630,0.58709
2631,0.58186
2632,0.55781
2633,0.54363
2634,0.54311
2635,0.55133
2636,0.56354
2637,0.58792
2638,0.57965
2639,0.57320
2640,0.57144
2641,0.57565
2642,0.57988
2643,0.55992
2644,0.56522
2645,0.56596
2646,0.57078
2647,0.59029
2648,0.57376
2649,0.60638
2650,0.61267
2651,0.61068
2652,0.61074
2653,0.61034
2654,1.46182
2655,1.37830
2656,1.29006
2657,1.21555
2658,1.12523
2659,1.05985
2660,1.01569
2661,0.96936
2662,0.92182
2663,0.87675
2664,0.83670
2665,0.81085
2666,0.79669
2667,0.77712
2668,0.73910
2669,0.73663
2670,0.71238
2671,0.69597
2672,0.68176
2673,0.67856
2674,0.66215
2675,0.67341
2676,0.66307
2677,0.63645
2678,0.61252
2679,0.59514
2680,0.59810
2681,0.60513
2682,0.59173
2683,0.59647
2684,0.58739
2685,0.57398
2686,0.56273
2687,0.54153
2688,0.53698
2689,0.53546
2690,0.53026
2691,0.51238
2692,0.50061
2693,0.49718
2694,0.53387
2695,0.54478
2696,0.53962
2697,0.54618
2698,0.55522
2699,0.54217
2700,0.53344
2701,0.53285
2702,0.52633
2703,0.52633
2704,0.54028
2705,0.53011
2706,0.52891
2707,0.53677
2708,0.53463
2709,0.53703
2710,0.54412
2711,0.54990
2712,0.53051
2713,0.53560
2714,0.52956
2715,0.52662
2716,0.53628
2717,0.55638
2718,0.57020
2719,0.55710
2720,0.55845
2721,0.56560
2722,0.60083
2723,0.59250
2724,0.56892
2725,0.57266
2726,0.57017
2727,0.56563
2728,0.55192
2729,0.53992
2730,0.54392
2731,0.55316
2732,0.55476
2733,0.55932
2734,0.57168
2735,0.57278
2736,0.58650
2737,0.57323
2738,0.57218
2739,0.57129
2740,0.57302
2741,0.61626
2742,0.60666
2743,0.59937
2744,0.61142
2745,0.61216
2746,0.60447
2747,0.59851
2748,0.61870
2749,0.61654
2750,0.62725
2751,0.61337
2752,0.58755
2753,0.57804
2754,0.55686
2755,0.54642
2756,0.53872
2757,0.55238
2758,0.54513
2759,0.56570
2760,0.55371
2761,0.55433
2762,0.53874
2763,0.52461
2764,0.51844
2765,0.53153
2766,0.54963
2767,0.56261
2768,0.56285
2769,0.56197
2770,0.56441
2771,0.56168
2772,0.55683
2773,0.54587
2774,0.53124
2775,0.53452
2776,0.55542
2777,0.54451
2778,0.53400
2779,0.53059
2780,0.54244
2781,0.53049
2782,0.52317
2783,0.53683
2784,0.54698
2785,0.53351
2786,0.53071
2787,0.55002
2788,0.54312
2789,0.52653
2790,0.52598
2791,0.52340
2792,0.54462
2793,0.54814
2794,0.54809
2795,0.53400
2796,0.54587
2797,0.54420
2798,0.55391
2799,0.57743
2800,0.56314
2801,0.55983
2802,0.55752
2803,0.55227
2804,0.53436
2805,0.54550
2806,0.54742
2807,0.52047
2808,0.51648
2809,0.50855
2810,0.50583
2811,0.50474
2812,1.31361
2813,1.23858
2814,1.16403
2815,1.09436
2816,1.03655
2817,1.00156
2818,0.95138
2819,0.90108
2820,0.87851
2821,0.82776
2822,0.79485
2823,0.75178
2824,0.73001
2825,0.72192
2826,0.71426
2827,0.71121
2828,0.68946
2829,0.68144
2830,0.68144
2831,0.67713
2832,0.68178
2833,0.66655
2834,0.63808
2835,0.61161
2836,0.61013
2837,0.59691
2838,0.58555
2839,0.58665
2840,0.58653
2841,0.58016
2842,0.59525
2843,0.58095
2844,0.57109
2845,0.58777
2846,0.56994
2847,0.58156
2848,0.56265
2849,0.56602
2850,0.56980
2851,0.57181
2852,0.56519
2853,0.55582
2854,0.54847
2855,0.54315
2856,0.53744
2857,0.53820
2858,0.56809
2859,0.56952
2860,0.56107
2861,0.56201
2862,0.55444
2863,0.55375
2864,0.54426
2865,0.54953
2866,0.53323
2867,0.53330
2868,0.52895
2869,0.53341
2870,0.54823
2871,0.56884
2872,0.59342
2873,0.59636
2874,0.57841
2875,0.56033
2876,0.54436
2877,0.54902
2878,0.56421
2879,0.54882
2880,0.55037
2881,0.54945
2882,0.55048
2883,0.54476
2884,0.54699
2885,0.53570
2886,0.55087
2887,0.55695
2888,0.55341
2889,0.54050
2890,0.54071
2891,0.56901
2892,0.55951
2893,0.56874
2894,0.56738
2895,0.56334
2896,0.56273
2897,0.56022
2898,0.55221
2899,0.56516
2900,0.58235
2901,0.57563
2902,0.57392
2903,0.56189
2904,0.58030
2905,0.58139
2906,0.57320
2907,0.58105
2908,0.57261
2909,0.55902
2910,0.55536
2911,0.55989
2912,0.55366
2913,0.55523
2914,0.57028
2915,0.57888
2916,0.58315
2917,0.60398
2918,0.58321
2919,0.60006
2920,0.59345
2921,0.58242
2922,0.58857
2923,0.58667
2924,0.56851
2925,0.56742
2926,0.56181
2927,0.57139
2928,0.58238
2929,0.59068
2930,0.59476
2931,0.60219
2932,0.59158
2933,0.60610
2934,0.59880
2935,0.57484
2936,0.58132
2937,0.57336
2938,0.58729
2939,0.58950
2940,0.57938
2941,0.57308
2942,0.56939
2943,0.56764
2944,0.56871
2945,0.57187
2946,0.57041
2947,0.56416
2948,0.56928
2949,0.57672
2950,0.57547
2951,0.56288
2952,0.56303
2953,0.55505
2954,0.53727
2955,0.55789
2956,0.56474
2957,0.57820
2958,0.55650
2959,0.55653
2960,0.54294
2961,0.53660
2962,0.52463
2963,0.53414
2964,0.55185
2965,0.55552
2966,0.55011
2967,0.54433
2968,0.53540
2969,0.55835
2970,1.57589
2971,1.46899
2972,1.38891
2973,1.31837
2974,1.24125
2975,1.17082
2976,1.08436
2977,1.00699
2978,0.96120
2979,0.91868
2980,0.88729
2981,0.86364
2982,0.82928
2983,0.78876
2984,0.76808
2985,0.74914
2986,0.71844
2987,0.70741
2988,0.67703
2989,0.65222
2990,0.64481
2991,0.61548
2992,0.61133
2993,0.61334
2994,0.60521
2995,0.59894
2996,0.58979
2997,0.59473
2998,0.56627
2999,0.56199
3000,0.56303
3001,0.56100
3002,0.53783
3003,0.51121
3004,0.50890
3005,0.53259
3006,0.53956
3007,0.52688
3008,0.53027
3009,0.54052
3010,0.53403
3011,0.53664
3012,0.52423
3013,0.51537
3014,0.52090
3015,0.51504
3016,0.50915
3017,0.50735
3018,0.50903
3019,0.49941
3020,0.50919
3021,0.50508
3022,0.51180
3023,0.51776
3024,0.51382
3025,0.52168
3026,0.53250
3027,0.52572
3028,0.52690
3029,0.52945
3030,0.53389
3031,0.53070
3032,0.53760
3033,0.53406
3034,0.54182
3035,0.51617
3036,0.50820
3037,0.51429
3038,0.51040
3039,0.50679
3040,0.51327
3041,0.50245
3042,0.51267
3043,0.55707
3044,0.54617
3045,0.55906
3046,0.57688
3047,0.56086
3048,0.56109
3049,0.56746
3050,0.55151
3051,0.56094
3052,0.55519
3053,0.53223
3054,0.52952
3055,0.52752
3056,0.51321
3057,0.50718
3058,0.51958
3059,0.51670
3060,0.50980
3061,0.53026
3062,0.51771
3063,0.53366
3064,0.54356
3065,0.52556
3066,0.51740
3067,0.51395
3068,0.53073
3069,0.52585
3070,0.51533
3071,0.52500
3072,0.52264
3073,0.52470
3074,0.51962
3075,0.53464
3076,0.53179
3077,0.52110
3078,0.53819
3079,0.53837
3080,0.52571
3081,0.52767
3082,0.53173
3083,0.55994
3084,0.57120
3085,0.56216
3086,0.56747
3087,0.56122
3088,0.55438
3089,0.53999
3090,0.53329
3091,0.52590
3092,0.51414
3093,0.51587
3094,0.50384
3095,0.50845
3096,0.51989
3097,0.51936
3098,0.51997
3099,0.52854
3100,0.52057
3101,0.53000
3102,0.54451
3103,0.55543
3104,0.55239
3105,0.55065
3106,0.53434
3107,0.56034
3108,0.55865
3109,0.55018
3110,0.54335
3111,0.55104
3112,0.53487
3113,0.53160
3114,0.53079
3115,0.52454
3116,0.53234
3117,0.54754
3118,0.54351
3119,0.52936
3120,0.54394
3121,0.53829
3122,0.55618
3123,0.55257
3124,0.57900
3125,0.57709
3126,0.55894
3127,0.57267
3128,1.50894
3129,1.43494
3130,1.33624
3131,1.24678
3132,1.18519
3133,1.12158
3134,1.06012
3135,0.99214
3136,0.95199
3137,0.91636
3138,0.86888
3139,0.83124
3140,0.80042
3141,0.76286
3142,0.72811
3143,0.71253
3144,0.68477
3145,0.68186
3146,0.69000
3147,0.66583
3148,0.65409
3149,0.63496
3150,0.62087
3151,0.60955
3152,0.59806
3153,0.59794
3154,0.61411
3155,0.60906
3156,0.60695
3157,0.61130
3158,0.59395
3159,0.56915
3160,0.58250
3161,0.58318
3162,0.57619
3163,0.55850
3164,0.54449
3165,0.55209
3166,0.54120
3167,0.55726
3168,0.55752
3169,0.55150
3170,0.53994
3171,0.53621
3172,0.54052
3173,0.55589
3174,0.54986
3175,0.53608
3176,0.52740
3177,0.51019
3178,0.51752
3179,0.50977
3180,0.50333
3181,0.52283
3182,0.52627
3183,0.51291
3184,0.50873
3185,0.51447
3186,0.52779
3187,0.53557
3188,0.52250
3189,0.51447
3190,0.49228
3191,0.49079
3192,0.50266
3193,0.50565
3194,0.50712
3195,0.53057
3196,0.52373
3197,0.53374
3198,0.52757
3199,0.52734
3200,0.54060
3201,0.53680
3202,0.54543
3203,0.55296
3204,0.55903
3205,0.55139
3206,0.55604
3207,0.54338
3208,0.54072
3209,0.55155
3210,0.54000
3211,0.54329
3212,0.53804
3213,0.55447
3214,0.57490
3215,0.55450
3216,0.55381
3217,0.57183
3218,0.56800
3219,0.56202
3220,0.56450
3221,0.57977
3222,0.58620
3223,0.56903
3224,0.55336
3225,0.58201
3226,0.57274
3227,0.57014
3228,0.56027
3229,0.56135
3230,0.57404
3231,0.57174
3232,0.55836
3233,0.57689
3234,0.55316
3235,0.52633
3236,0.53470
3237,0.53116
3238,0.52723
3239,0.52081
3240,0.50303
3241,0.49721
3242,0.50351
3243,0.51415
3244,0.52207
3245,0.53192
3246,0.55623
3247,0.56358
3248,0.54977
3249,0.53221
3250,0.55360
3251,0.55601
3252,0.55947
3253,0.54745
3254,0.55467
3255,0.55174
3256,0.53747
3257,0.52556
3258,0.56093
3259,0.56286
3260,0.55848
3261,0.55600
3262,0.55418
3263,0.55929
3264,0.56181
3265,0.53960
3266,0.54280
3267,0.54185
3268,0.52580
3269,0.52231
3270,0.53859
3271,0.55406
3272,0.54387
3273,0.54605
3274,0.54105
3275,0.53163
3276,0.50509
3277,0.50814
3278,0.49950
3279,0.50681
3280,0.50414
3281,0.51276
3282,0.51944
3283,0.51310
3284,0.51753
3285,0.52992
3286,1.49137
3287,1.39495
3288,1.30129
3289,1.21019
3290,1.13690
3291,1.06281
3292,0.99683
3293,0.93331
3294,0.87468
3295,0.85233
3296,0.80122
3297,0.77917
3298,0.74985
3299,0.73250
3300,0.70185
3301,0.67653
3302,0.65818
3303,0.65073
3304,0.62955
3305,0.61941
3306,0.61077
3307,0.59676
3308,0.59418
3309,0.56408
3310,0.55667
3311,0.55904
3312,0.55047
3313,0.54720
3314,0.54136
3315,0.53501
3316,0.52711
3317,0.52508
3318,0.53310
3319,0.53155
3320,0.54283
3321,0.55655
3322,0.54592
3323,0.54261
3324,0.54571
3325,0.53600
3326,0.54412
3327,0.54706
3328,0.52448
3329,0.52900
3330,0.51262
3331,0.52029
3332,0.51021
3333,0.51119
3334,0.51920
3335,0.50909
3336,0.50246
3337,0.50117
3338,0.51361
3339,0.51671
3340,0.54651
3341,0.52419
3342,0.53161
3343,0.51589
3344,0.51069
3345,0.51657
3346,0.51052
3347,0.50023
3348,0.50124
3349,0.50258
3350,0.49534
3351,0.50650
3352,0.50831
3353,0.50621
3354,0.48816
3355,0.51285
3356,0.52609
3357,0.53907
3358,0.56610
3359,0.56855
3360,0.57345
3361,0.57285
3362,0.55884
3363,0.54899
3364,0.54935
3365,0.54872
3366,0.54819
3367,0.53007
3368,0.50796
3369,0.50913
3370,0.50510
3371,0.50996
3372,0.51800
3373,0.51706
3374,0.49753
3375,0.51932
3376,0.53045
3377,0.53427
3378,0.52900
3379,0.53879
3380,0.53531
3381,0.54142
3382,0.54999
3383,0.56756
3384,0.56436
3385,0.54454
3386,0.55262
3387,0.55462
3388,0.57909
3389,0.57947
3390,0.57629
3391,0.58071
3392,0.57265
3393,0.58118
3394,0.58435
3395,0.59999
3396,0.57626
3397,0.58825
3398,0.58649
3399,0.58689
3400,0.58423
3401,0.56616
3402,0.56227
3403,0.55572
3404,0.54511
3405,0.54195
3406,0.55410
3407,0.53631
3408,0.53574
3409,0.53600
3410,0.52340
3411,0.51512
3412,0.51580
3413,0.53209
3414,0.52226
3415,0.54344
3416,0.53935
3417,0.53563
3418,0.52056
3419,0.50038
3420,0.49981
3421,0.48654
3422,0.49738
3423,0.49763
3424,0.49767
3425,0.48376
3426,0.49747
3427,0.50070
3428,0.50050
3429,0.50693
3430,0.51935
3431,0.50443
3432,0.49515
3433,0.48176
3434,0.49602
3435,0.48651
3436,0.47853
3437,0.48630
3438,0.48070
3439,0.48376
3440,0.50032
3441,0.50017
3442,0.49613
3443,0.49393
3444,1.39839
3445,1.30766
3446,1.24169
3447,1.17120
3448,1.08701
3449,1.02769
3450,0.96131
3451,0.90395
3452,0.85760
3453,0.81723
3454,0.78046
3455,0.74294
3456,0.71673
3457,0.67877
3458,0.67730
3459,0.64921
3460,0.63455
3461,0.61527
3462,0.59477
3463,0.59929
3464,0.58465
3465,0.57076
3466,0.58682
3467,0.59848
3468,0.62679
3469,0.60496
3470,0.61143
3471,0.60443
3472,0.60311
3473,0.59887
3474,0.58893
3475,0.58264
3476,0.56993
3477,0.53670
3478,0.51017
3479,0.50783
3480,0.49403
3481,0.48988
3482,0.47306
3483,0.47601
3484,0.47684
3485,0.50294
3486,0.48964
3487,0.47152
3488,0.45682
3489,0.45228
3490,0.45532
3491,0.46132
3492,0.48769
3493,0.50913
3494,0.50449
3495,0.51032
3496,0.49909
3497,0.49994
3498,0.48846
3499,0.48935
3500,0.47804
3501,0.49186
3502,0.48874
3503,0.48131
3504,0.47863
3505,0.47193
3506,0.47814
3507,0.48714
3508,0.47574
3509,0.48843
3510,0.48765
3511,0.49065
3512,0.49706
3513,0.50618
3514,0.51848
3515,0.52509
3516,0.52666
3517,0.52440
3518,0.52421
3519,0.51342
3520,0.53644
3521,0.52828
3522,0.54141
3523,0.54725
3524,0.55042
3525,0.54728
3526,0.55618
3527,0.54348
3528,0.53080
3529,0.52618
3530,0.52363
3531,0.53010
3532,0.53926
3533,0.53907
3534,0.52884
3535,0.52896
3536,0.51831
3537,0.51091
3538,0.51142
3539,0.50789
3540,0.52472
3541,0.50937
3542,0.50619
3543,0.50953
3544,0.51871
3545,0.52570
3546,0.51234
3547,0.50664
3548,0.51087
3549,0.49040
3550,0.49325
3551,0.51898
3552,0.52404
3553,0.52146
3554,0.52854
3555,0.52132
3556,0.52167
3557,0.52292
3558,0.52236
3559,0.52072
3560,0.53807
3561,0.54484
3562,0.53776
3563,0.54765
3564,0.53431
3565,0.52781
3566,0.51528
3567,0.51726
3568,0.51998
3569,0.51013
3570,0.50603
3571,0.52015
3572,0.51993
3573,0.51004
3574,0.50267
3575,0.50098
3576,0.49227
3577,0.50375
3578,0.52364
3579,0.51797
3580,0.52276
3581,0.51939
3582,0.52118
3583,0.51654
3584,0.50869
3585,0.50966
3586,0.51150
3587,0.51434
3588,0.52288
3589,0.50785
3590,0.50381
3591,0.49704
3592,0.49364
3593,0.48618
3594,0.49275
3595,0.48196
3596,0.49590
3597,0.52158
3598,0.51028
3599,0.51543
3600,0.50347
3601,0.50002
3602,1.56528
3603,1.45210
3604,1.36280
3605,1.26391
3606,1.18093
3607,1.13210
3608,1.06273
3609,1.00597
3610,0.95666
3611,0.91836
3612,0.86692
3613,0.85306
3614,0.82551
3615,0.79659
3616,0.78796
3617,0.75490
3618,0.73861
3619,0.71906
3620,0.69891
3621,0.66717
3622,0.65556
3623,0.64126
3624,0.63260
3625,0.61327
3626,0.62265
3627,0.61719
3628,0.58934
3629,0.57853
3630,0.57621
3631,0.55875
3632,0.56025
3633,0.55312
3634,0.57242
3635,0.55791
3636,0.54264
3637,0.55064
3638,0.53670
3639,0.52621
3640,0.53335
3641,0.52142
3642,0.51490
3643,0.53145
3644,0.52655
3645,0.51840
3646,0.51469
3647,0.53862
3648,0.51689
3649,0.51330
3650,0.53760
3651,0.53334
3652,0.51225
3653,0.50516
3654,0.48697
3655,0.49062
3656,0.48301
3657,0.47296
3658,0.47965
3659,0.48813
3660,0.50315
3661,0.49128
3662,0.49572
3663,0.51034
3664,0.51814
3665,0.50863
3666,0.50531
3667,0.50191
3668,0.50792
3669,0.50766
3670,0.50790
3671,0.51899
3672,0.51032
3673,0.52603
3674,0.51599
3675,0.52791
3676,0.53366
3677,0.55552
3678,0.55965
3679,0.56784
3680,0.57403
3681,0.55588
3682,0.55421
3683,0.53308
3684,0.55270
3685,0.54299
3686,0.53358
3687,0.52942
3688,0.52853
3689,0.50613
3690,0.50504
3691,0.50531
3692,0.50027
3693,0.50911
3694,0.49598
3695,0.48733
3696,0.47281
3697,0.48207
3698,0.48393
3699,0.48682
3700,0.49249
3701,0.49578
3702,0.49220
3703,0.49844
3704,0.50473
3705,0.50576
3706,0.51496
3707,0.53029
3708,0.51791
3709,0.51193
3710,0.51026
3711,0.53048
3712,0.51368
3713,0.50965
3714,0.51960
3715,0.51651
3716,0.53782
3717,0.52653
3718,0.52173
3719,0.51683
3720,0.51337
3721,0.52208
3722,0.53993
3723,0.54028
3724,0.55019
3725,0.53820
3726,0.55132
3727,0.56421
3728,0.56235
3729,0.55943
3730,0.53804
3731,0.53687
3732,0.53232
3733,0.50899
3734,0.49051
3735,0.48175
3736,0.48243
3737,0.47226
3738,0.47689
3739,0.47732
3740,0.47076
3741,0.47634
3742,0.47536
3743,0.48542
3744,0.49616
3745,0.49220
3746,0.48607
3747,0.48135
3748,0.48424
3749,0.47890
3750,0.46925
3751,0.47935
3752,0.50311
3753,0.49299
3754,0.48402
3755,0.47233
3756,0.47329
3757,0.47723
3758,0.47609
3759,0.49842
3760,1.55977
3761,1.43561
3762,1.36225
3763,1.26826
3764,1.19361
3765,1.11172
3766,1.05428
3767,0.99531
3768,0.92751
3769,0.88371
3770,0.83124
3771,0.78279
3772,0.75694
3773,0.72764
3774,0.71669
3775,0.68453
3776,0.67262
3777,0.65458
3778,0.64205
3779,0.61727
3780,0.59779
3781,0.58400
3782,0.58362
3783,0.58807
3784,0.57349
3785,0.56456
3786,0.56333
3787,0.54906
3788,0.55704
3789,0.57961
3790,0.55758
3791,0.55514
3792,0.56773
3793,0.56150
3794,0.55044
3795,0.53153
3796,0.54192
3797,0.54079
3798,0.52349
3799,0.51819
3800,0.52071
3801,0.51624
3802,0.52034
3803,0.51274
3804,0.50255
3805,0.48777
3806,0.46845
3807,0.46919
3808,0.46848
3809,0.46306
3810,0.46514
3811,0.45973
3812,0.46332
3813,0.46205
3814,0.47001
3815,0.47839
3816,0.48363
3817,0.49505
3818,0.49289
3819,0.49896
3820,0.49544
3821,0.48183
3822,0.48151
3823,0.48197
3824,0.47262
3825,0.47085
3826,0.46672
3827,0.45487
3828,0.47945
3829,0.47543
3830,0.48847
3831,0.48493
3832,0.48249
3833,0.48561
3834,0.47700
3835,0.46293
3836,0.45778
3837,0.44497
3838,0.45168
3839,0.46074
3840,0.46211
3841,0.47225
3842,0.48766
3843,0.49662
3844,0.48808
3845,0.49149
3846,0.49090
3847,0.49187
3848,0.51115
3849,0.51226
3850,0.51104
3851,0.50687
3852,0.50297
3853,0.50065
3854,0.51224
3855,0.49844
3856,0.50228
3857,0.50561
3858,0.50266
3859,0.53384
3860,0.55148
3861,0.56128
3862,0.55959
3863,0.54929
3864,0.55014
3865,0.54851
3866,0.54517
3867,0.54666
3868,0.53252
3869,0.52824
3870,0.52757
3871,0.51788
3872,0.52106
3873,0.50147
3874,0.49884
3875,0.47550
3876,0.50334
3877,0.50472
3878,0.51784
3879,0.52452
3880,0.52599
3881,0.52357
3882,0.52158
3883,0.54651
3884,0.53854
3885,0.54389
3886,0.51869
3887,0.52316
3888,0.52446
3889,0.52115
3890,0.51794
3891,0.50683
3892,0.51039
3893,0.50345
3894,0.49592
3895,0.50657
3896,0.50326
3897,0.49342
3898,0.48464
3899,0.48301
3900,0.47298
3901,0.47189
3902,0.46205
3903,0.45580
3904,0.44861
3905,0.43271
3906,0.43961
3907,0.47538
3908,0.49968
3909,0.50640
3910,0.51206
3911,0.49876
3912,0.49212
3913,0.49852
3914,0.50585
3915,0.49636
3916,0.49361
3917,0.48927
3918,1.48574
3919,1.38591
3920,1.28606
3921,1.21324
3922,1.11858
3923,1.05742
3924,1.00017
3925,0.94708
3926,0.91008
3927,0.85383
3928,0.79796
3929,0.76882
3930,0.75403
3931,0.73530
3932,0.71451
3933,0.72325
3934,0.68914
3935,0.66288
3936,0.64711
3937,0.62540
3938,0.60629
3939,0.58578
3940,0.56720
3941,0.56649
3942,0.54491
3943,0.52253
3944,0.52208
3945,0.52925
3946,0.53793
3947,0.52185
3948,0.52462
3949,0.52566
3950,0.49693
3951,0.47405
3952,0.45899
3953,0.47249
3954,0.49053
3955,0.49525
3956,0.48937
3957,0.48614
3958,0.48165
3959,0.49423
3960,0.48298
3961,0.48621
3962,0.47557
3963,0.48740
3964,0.48609
3965,0.49451
3966,0.48057
3967,0.47500
3968,0.48321
3969,0.47876
3970,0.46672
3971,0.46349
3972,0.47037
3973,0.46347
3974,0.47839
3975,0.47889
3976,0.48532
3977,0.49254
3978,0.51365
3979,0.52980
3980,0.51740
3981,0.50619
3982,0.50732
3983,0.50912
3984,0.50097
3985,0.51043
3986,0.50451
3987,0.48581
3988,0.50986
3989,0.52079
3990,0.52864
3991,0.53707
3992,0.52929
3993,0.52306
3994,0.50891
3995,0.52686
3996,0.51653
3997,0.51903
3998,0.52256
3999,0.51581
4000,0.51722
4001,0.52280
4002,0.51251
4003,0.52927
4004,0.53407
4005,0.54141
4006,0.53456
4007,0.52622
4008,0.50352
4009,0.49262
4010,0.48682
4011,0.48063
4012,0.49285
4013,0.48905
4014,0.50005
4015,0.51233
4016,0.50830
4017,0.50568
4018,0.49777
4019,0.51228
4020,0.51759
4021,0.51641
4022,0.50877
4023,0.50887
4024,0.49445
4025,0.47977
4026,0.47303
4027,0.46246
4028,0.47651
4029,0.48096
4030,0.46879
4031,0.46855
4032,0.46470
4033,0.48973
4034,0.49361
4035,0.49751
4036,0.49204
4037,0.48200
4038,0.46689
4039,0.48567
4040,0.46926
4041,0.47813
4042,0.48445
4043,0.47943
4044,0.48490
4045,0.48586
4046,0.49005
4047,0.50343
4048,0.52324
4049,0.51267
4050,0.49686
4051,0.50320
4052,0.49438
4053,0.50632
4054,0.49649
4055,0.50959
4056,0.51740
4057,0.51565
4058,0.51081
4059,0.52607
4060,0.53088
4061,0.52061
4062,0.50873
4063,0.51966
4064,0.51856
4065,0.51877
4066,0.53522
4067,0.53215
4068,0.53042
4069,0.53816
4070,0.54036
4071,0.52889
4072,0.51616
4073,0.52837
4074,0.52700
4075,0.53123
4076,1.63566
4077,1.51690
4078,1.41920
4079,1.33632
4080,1.27388
4081,1.17878
4082,1.12770
4083,1.05669
4084,1.00361
4085,0.94128
4086,0.88734
4087,0.84738
4088,0.81630
4089,0.78400
4090,0.75082
4091,0.73272
4092,0.71313
4093,0.70228
4094,0.67617
4095,0.65537
4096,0.62760
4097,0.60266
4098,0.58769
4099,0.58193
4100,0.57859
4101,0.57049
4102,0.55343
4103,0.54666
4104,0.54253
4105,0.53833
4106,0.53862
4107,0.54288
4108,0.52827
4109,0.50921
4110,0.49225
4111,0.49575
4112,0.49197
4113,0.50208
4114,0.48849
4115,0.47900
4116,0.47263
4117,0.46909
4118,0.47361
4119,0.47591
4120,0.47124
4121,0.47626
4122,0.48177
4123,0.48422
4124,0.49105
4125,0.49016
4126,0.48592
4127,0.49771
4128,0.50353
4129,0.48591
4130,0.48379
4131,0.48725
4132,0.47800
4133,0.47278
4134,0.46756
4135,0.44822
4136,0.44722
4137,0.43905
4138,0.45771
4139,0.46336
4140,0.48651
4141,0.49977
4142,0.50435
4143,0.50455
4144,0.50161
4145,0.50920
4146,0.51611
4147,0.51868
4148,0.51847
4149,0.51265
4150,0.50912
4151,0.49684
4152,0.52200
4153,0.50883
4154,0.50983
4155,0.49592
4156,0.51320
4157,0.50481
4158,0.51079
4159,0.51677
4160,0.50307
4161,0.49490
4162,0.49055
4163,0.50593
4164,0.52655
4165,0.51701
4166,0.50805
4167,0.49992
4168,0.49776
4169,0.50469
4170,0.48296
4171,0.48226
4172,0.49645
4173,0.48929
4174,0.50174
4175,0.50176
4176,0.48158
4177,0.48831
4178,0.47533
4179,0.46220
4180,0.44951
4181,0.44219
4182,0.42766
4183,0.41578
4184,0.42077
4185,0.45508
4186,0.46805
4187,0.46633
4188,0.46122
4189,0.45175
4190,0.45099
4191,0.45275
4192,0.44847
4193,0.50235
4194,0.50239
4195,0.50161
4196,0.50277
4197,0.52117
4198,0.50052
4199,0.48580
4200,0.50537
4201,0.50526
4202,0.50482
4203,0.48612
4204,0.50532
4205,0.51724
4206,0.52473
4207,0.54003
4208,0.54067
4209,0.52835
4210,0.52117
4211,0.51251
4212,0.51628
4213,0.50299
4214,0.50538
4215,0.50282
4216,0.50263
4217,0.50212
4218,0.47713
4219,0.48324
4220,0.48095
4221,0.49127
4222,0.49491
4223,0.49978
4224,0.51700
4225,0.50285
4226,0.50424
4227,0.49873
4228,0.49744
4229,0.50908
4230,0.49902
4231,0.48669
4232,0.47050
4233,0.46751
4234,1.36245
4235,1.27999
4236,1.20409
4237,1.15138
4238,1.08090
4239,1.00897
4240,0.95640
4241,0.91373
4242,0.87389
4243,0.83976
4244,0.82889
4245,0.79026
4246,0.75140
4247,0.72148
4248,0.69030
4249,0.67183
4250,0.63969
4251,0.62751
4252,0.60373
4253,0.59732
4254,0.59721
4255,0.57424
4256,0.55341
4257,0.55173
4258,0.53179
4259,0.52788
4260,0.53460
4261,0.53482
4262,0.52740
4263,0.52154
4264,0.50918
4265,0.49995
4266,0.52381
4267,0.53057
4268,0.52261
4269,0.49959
4270,0.51129
4271,0.52356
4272,0.51123
4273,0.49314
4274,0.49128
4275,0.48735
4276,0.50344
4277,0.51111
4278,0.49084
4279,0.49035
4280,0.47511
4281,0.48158
4282,0.47432
4283,0.48490
4284,0.47067
4285,0.44890
4286,0.45447
4287,0.44320
4288,0.45895
4289,0.47730
4290,0.47390
4291,0.46612
4292,0.45084
4293,0.45810
4294,0.45580
4295,0.45228
4296,0.47414
4297,0.48747
4298,0.48455
4299,0.49101
4300,0.48664
4301,0.51015
4302,0.51002
4303,0.52659
4304,0.53131
4305,0.52027
4306,0.49643
4307,0.50190
4308,0.50981
4309,0.53331
4310,0.51555
4311,0.52275
4312,0.52032
4313,0.51309
4314,0.51447
4315,0.51008
4316,0.51090
4317,0.52778
4318,0.52103
4319,0.53471
4320,0.51800
4321,0.54606
4322,0.54456
4323,0.54994
4324,0.56378
4325,0.55556
4326,0.54361
4327,0.54100
4328,0.53300
4329,0.51762
4330,0.50524
4331,0.50201
4332,0.50292
4333,0.49574
4334,0.48625
4335,0.47594
4336,0.46787
4337,0.47223
4338,0.46790
4339,0.44988
4340,0.45274
4341,0.43454
4342,0.44115
4343,0.43993
4344,0.43771
4345,0.45155
4346,0.46551
4347,0.46911
4348,0.46463
4349,0.47069
4350,0.47539
4351,0.48362
4352,0.48466
4353,0.49823
4354,0.49653
4355,0.50285
4356,0.50598
4357,0.48810
4358,0.48038
4359,0.47627
4360,0.46507
4361,0.45550
4362,0.44175
4363,0.44018
4364,0.44531
4365,0.45607
4366,0.45755
4367,0.45247
4368,0.45908
4369,0.45990
4370,0.46665
4371,0.49304
4372,0.48706
4373,0.47593
4374,0.46374
4375,0.46267
4376,0.46913
4377,0.46553
4378,0.47538
4379,0.50069
4380,0.48862
4381,0.48880
4382,0.49379
4383,0.48106
4384,0.48312
4385,0.47027
4386,0.47920
4387,0.49012
4388,0.48829
4389,0.47654
4390,0.48909
4391,0.49218
4392,1.51908
4393,1.41225
4394,1.30581
4395,1.24395
4396,1.16713
4397,1.08940
4398,1.03624
4399,0.97561
4400,0.91063
4401,0.86644
4402,0.83620
4403,0.80690
4404,0.76811
4405,0.75441
4406,0.72576
4407,0.70218
4408,0.69199
4409,0.66225
4410,0.64250
4411,0.65194
4412,0.63871
4413,0.61672
4414,0.61393
4415,0.60327
4416,0.59412
4417,0.58879
4418,0.60070
4419,0.57659
4420,0.56159
4421,0.57357
4422,0.55845
4423,0.55925
4424,0.56777
4425,0.58088
4426,0.58867
4427,0.57631
4428,0.59201
4429,0.58443
4430,0.56141
4431,0.56093
4432,0.55554
4433,0.54656
4434,0.53741
4435,0.53094
4436,0.52976
4437,0.51311
4438,0.51414
4439,0.52087
4440,0.51417
4441,0.49144
4442,0.48811
4443,0.46784
4444,0.46186
4445,0.45670
4446,0.45181
4447,0.44490
4448,0.45672
4449,0.45013
4450,0.44175
4451,0.43773
4452,0.45105
4453,0.43378
4454,0.45198
4455,0.45222
4456,0.46252
4457,0.46625
4458,0.46713
4459,0.45928
4460,0.46579
4461,0.45754
4462,0.47280
4463,0.45728
4464,0.45084
4465,0.45610
4466,0.46950
4467,0.46302
4468,0.47556
4469,0.47105
4470,0.46238
4471,0.47107
4472,0.48753
4473,0.50146
4474,0.50665
4475,0.49959
4476,0.49897
4477,0.51079
4478,0.50429
4479,0.50340
4480,0.50366
4481,0.50640
4482,0.49696
4483,0.50413
4484,0.51291
4485,0.50739
4486,0.52391
4487,0.51807
4488,0.51722
4489,0.51149
4490,0.51551
4491,0.48554
4492,0.48727
4493,0.49139
4494,0.49506
4495,0.48575
4496,0.46927
4497,0.45603
4498,0.45143
4499,0.45454
4500,0.45636
4501,0.47147
4502,0.46998
4503,0.46634
4504,0.46856
4505,0.46867
4506,0.49393
4507,0.50774
4508,0.50763
4509,0.49188
4510,0.49651
4511,0.49076
4512,0.47868
4513,0.46874
4514,0.46270
4515,0.45573
4516,0.46600
4517,0.46952
4518,0.47438
4519,0.47946
4520,0.47418
4521,0.47458
4522,0.47210
4523,0.48009
4524,0.49236
4525,0.48228
4526,0.48978
4527,0.48332
4528,0.49539
4529,0.48301
4530,0.47581
4531,0.47331
4532,0.48172
4533,0.48108
4534,0.48500
4535,0.47308
4536,0.48617
4537,0.49119
4538,0.49026
4539,0.48248
4540,0.48735
4541,0.49501
4542,0.49002
4543,0.47924
4544,0.46924
4545,0.46371
4546,0.46213
4547,0.46080
4548,0.47058
4549,0.47491
4550,1.40045
4551,1.31872
4552,1.23777
4553,1.15603
4554,1.10500
4555,1.03445
4556,0.97165
4557,0.90210
4558,0.86137
4559,0.82425
4560,0.78794
4561,0.79174
4562,0.75104
4563,0.71249
4564,0.67280
4565,0.66494
4566,0.63847
4567,0.63244
4568,0.63139
4569,0.60702
4570,0.58816
4571,0.56178
4572,0.57484
4573,0.57798
4574,0.56679
4575,0.55284
4576,0.54083
4577,0.53236
4578,0.52697
4579,0.51619
4580,0.49801
4581,0.49252
4582,0.46744
4583,0.44783
4584,0.45440
4585,0.43831
4586,0.44217
4587,0.45347
4588,0.45430
4589,0.44340
4590,0.45975
4591,0.45642
4592,0.45398
4593,0.44822
4594,0.43805
4595,0.44835
4596,0.45481
4597,0.46789
4598,0.47492
4599,0.48585
4600,0.50032
4601,0.49087
4602,0.48844
4603,0.50302
4604,0.49311
4605,0.50042
4606,0.51220
4607,0.49554
4608,0.48155
4609,0.50165
4610,0.49546
4611,0.48296
4612,0.48065
4613,0.47147
4614,0.47452
4615,0.47100
4616,0.47809
4617,0.46515
4618,0.46487
4619,0.46877
4620,0.46006
4621,0.45916
4622,0.45504
4623,0.46850
4624,0.47054
4625,0.46733
4626,0.45724
4627,0.45938
4628,0.45090
4629,0.43834
4630,0.44730
4631,0.44275
4632,0.44076
4633,0.44033
4634,0.46042
4635,0.45837
4636,0.44186
4637,0.44877
4638,0.46731
4639,0.45763
4640,0.44710
4641,0.45853
4642,0.44255
4643,0.44530
4644,0.44335
4645,0.47102
4646,0.46768
4647,0.46127
4648,0.45746
4649,0.45823
4650,0.46738
4651,0.48338
4652,0.48268
4653,0.47093
4654,0.46767
4655,0.46089
4656,0.46419
4657,0.47539
4658,0.48013
4659,0.47028
4660,0.48150
4661,0.46511
4662,0.47288
4663,0.47522
4664,0.47378
4665,0.48796
4666,0.48049
4667,0.47089
4668,0.46795
4669,0.46390
4670,0.46777
4671,0.45807
4672,0.46780
4673,0.45738
4674,0.46187
4675,0.45981
4676,0.45225
4677,0.47365
4678,0.49217
4679,0.49698
4680,0.48516
4681,0.48377
4682,0.47877
4683,0.46659
4684,0.49469
4685,0.50395
4686,0.50603
4687,0.49756
4688,0.51489
4689,0.51453
4690,0.51705
4691,0.50420
4692,0.48646
4693,0.49262
4694,0.48754
4695,0.47709
4696,0.47622
4697,0.48940
4698,0.48505
4699,0.47051
4700,0.47399
4701,0.47220
4702,0.47284
4703,0.46903
4704,0.46471
4705,0.46531
4706,0.48174
4707,0.48806
4708,1.66598
4709,1.55029
4710,1.43539
